,enallocationstatus,percentage_allocation,account_type,base_gallons,beginning_gallons,terminal_name,lifted_gallons,remaining_gallons,additional_gallons_allowed,additional_gallons_remaining,next_refresh_date,next_refresh_base_gallons,product_name,period,batchno,execution_date,rid,date,Month,Day,cum_base_gallons,avg_base_perday,cum_beginning_gallons,avg_beginning_perday,cum_lifted_gallons,avg_lifted_perday
2015-05-01,Available,200%,Channel: 50 - Commercial,68333,136666,CHESAPEAKE VA - BUCKEYE (PLANT 9483),107615,29051,0,0,05/02 00:00:00 EDT,68333,REGULAR,Daily,11,2015-05-01 22:01:06,1234642,2015-05-01 00:00:00,5,1,68333,68333,136666,136666,107615,107615
2015-05-02,Available,200%,Channel: 50 - Commercial,68333,136666,CHESAPEAKE VA - BUCKEYE (PLANT 9483),73022,63644,0,0,05/03 00:00:00 EDT,68333,REGULAR,Daily,10,2015-05-02 22:01:05,1273040,2015-05-02 00:00:00,5,2,136666,68333,273332,136666,180637,90318
2015-05-03,Available,200%,Channel: 50 - Commercial,68333,136666,CHESAPEAKE VA - BUCKEYE (PLANT 9483),28710,107956,0,0,05/04 00:00:00 EDT,68333,REGULAR,Daily,9,2015-05-03 22:01:08,1310577,2015-05-03 00:00:00,5,3,204999,68333,409998,136666,209347,69782
2015-05-04,Available,200%,Channel: 50 - Commercial,68333,136666,CHESAPEAKE VA - BUCKEYE (PLANT 9483),90125,46541,0,0,05/05 00:00:00 EDT,68333,REGULAR,Daily,10,2015-05-04 22:01:07,1348503,2015-05-04 00:00:00,5,4,273332,68333,546664,136666,299472,74868
2015-05-05,Available,100%,Channel: 50 - Commercial,68333,68333,CHESAPEAKE VA - BUCKEYE (PLANT 9483),67699,634,0,0,05/06 00:00:00 EDT,67742,REGULAR,Daily,10,2015-05-05 22:01:06,1387149,2015-05-05 00:00:00,5,5,341665,68333,614997,122999,367171,73434
2015-05-06,Out,100%,Channel: 50 - Commercial,67742,67742,CHESAPEAKE VA - BUCKEYE (PLANT 9483),67800,-58,0,0,05/07 00:00:00 EDT,67742,REGULAR,Daily,12,2015-05-06 22:01:04,1429276,2015-05-06 00:00:00,5,6,409407,68234,682739,113789,434971,72495
2015-05-07,Out,100%,Channel: 50 - Commercial,67742,67742,CHESAPEAKE VA - BUCKEYE (PLANT 9483),69012,-1270,0,0,05/08 00:00:00 EDT,67742,REGULAR,Daily,10,2015-05-07 22:01:09,1469426,2015-05-07 00:00:00,5,7,477149,68164,750481,107211,503983,71997
2015-05-08,Out,100%,Channel: 50 - Commercial,67742,67742,CHESAPEAKE VA - BUCKEYE (PLANT 9483),68610,-868,0,0,05/09 00:00:00 EDT,67742,REGULAR,Daily,12,2015-05-08 22:00:09,1509777,2015-05-08 00:00:00,5,8,544891,68111,818223,102277,572593,71574
2015-05-09,Out,100%,Channel: 50 - Commercial,67742,67742,CHESAPEAKE VA - BUCKEYE (PLANT 9483),68510,-768,0,0,05/10 00:00:00 EDT,67742,REGULAR,Daily,9,2015-05-09 22:00:09,1556360,2015-05-09 00:00:00,5,9,612633,68070,885965,98440,641103,71233
2015-05-10,Available,100%,Channel: 50 - Commercial,67742,67742,CHESAPEAKE VA - BUCKEYE (PLANT 9483),0,67742,0,0,05/11 00:00:00 EDT,67742,REGULAR,Daily,2,2015-05-10 07:00:08,1566740,2015-05-10 00:00:00,5,10,680375,68037,953707,95370,641103,64110
2015-05-11,Out,100%,Channel: 50 - Commercial,67742,67742,CHESAPEAKE VA - BUCKEYE (PLANT 9483),71021,-3279,0,0,05/12 00:00:00 EDT,67742,REGULAR,Daily,10,2015-05-11 22:00:09,1631718,2015-05-11 00:00:00,5,11,748117,68010,1021449,92859,712124,64738
2015-05-12,Out,100%,Channel: 50 - Commercial,67742,67742,CHESAPEAKE VA - BUCKEYE (PLANT 9483),72800,-5058,0,0,05/13 00:00:00 EDT,67742,REGULAR,Daily,10,2015-05-12 22:00:10,1670402,2015-05-12 00:00:00,5,12,815859,67988,1089191,90765,784924,65410
2015-05-13,Available,200%,Channel: 50 - Commercial,67742,135484,CHESAPEAKE VA - BUCKEYE (PLANT 9483),75400,60084,0,0,05/14 00:00:00 EDT,67742,REGULAR,Daily,10,2015-05-13 22:00:06,1712962,2015-05-13 00:00:00,5,13,883601,67969,1224675,94205,860324,66178
2015-05-14,Available,200%,Channel: 50 - Commercial,67742,135484,CHESAPEAKE VA - BUCKEYE (PLANT 9483),66404,69080,0,0,05/15 00:00:00 EDT,67742,REGULAR,Daily,9,2015-05-14 20:00:09,1747977,2015-05-14 00:00:00,5,14,951343,67953,1360159,97154,926728,66194
2015-05-15,Available,200%,Channel: 50 - Commercial,67742,135484,CHESAPEAKE VA - BUCKEYE (PLANT 9483),86512,48972,0,0,05/16 00:00:00 EDT,67742,REGULAR,Daily,11,2015-05-15 22:00:09,1788097,2015-05-15 00:00:00,5,15,1019085,67939,1495643,99709,1013240,67549
2015-05-16,Available,200%,Channel: 50 - Commercial,67742,135484,CHESAPEAKE VA - BUCKEYE (PLANT 9483),70411,65073,0,0,05/17 00:00:00 EDT,67742,REGULAR,Daily,9,2015-05-16 22:00:11,1827401,2015-05-16 00:00:00,5,16,1086827,67926,1631127,101945,1083651,67728
2015-05-17,Available,200%,Channel: 50 - Commercial,67742,135484,CHESAPEAKE VA - BUCKEYE (PLANT 9483),24805,110679,0,0,05/18 00:00:00 EDT,67742,REGULAR,Daily,10,2015-05-17 22:00:07,1857915,2015-05-17 00:00:00,5,17,1154569,67915,1766611,103918,1108456,65203
2015-05-18,Available,200%,Channel: 50 - Commercial,67742,135484,CHESAPEAKE VA - BUCKEYE (PLANT 9483),97206,38278,0,0,05/19 00:00:00 EDT,67742,REGULAR,Daily,10,2015-05-18 22:00:08,1898692,2015-05-18 00:00:00,5,18,1222311,67906,1902095,105671,1205662,66981
2015-05-19,Available,200%,Channel: 50 - Commercial,67742,135484,CHESAPEAKE VA - BUCKEYE (PLANT 9483),35501,99983,0,0,05/20 00:00:00 EDT,67742,REGULAR,Daily,10,2015-05-19 22:00:10,1938537,2015-05-19 00:00:00,5,19,1290053,67897,2037579,107241,1241163,65324
2015-05-20,Available,200%,Channel: 50 - Commercial,67742,135484,CHESAPEAKE VA - BUCKEYE (PLANT 9483),90801,44683,0,0,05/21 00:00:00 EDT,67742,REGULAR,Daily,10,2015-05-20 22:00:11,1980515,2015-05-20 00:00:00,5,20,1357795,67889,2173063,108653,1331964,66598
2015-05-21,Available,200%,Channel: 50 - Commercial,67742,135484,CHESAPEAKE VA - BUCKEYE (PLANT 9483),78716,56768,0,0,05/22 00:00:00 EDT,67742,REGULAR,Daily,10,2015-05-21 22:00:08,2023595,2015-05-21 00:00:00,5,21,1425537,67882,2308547,109930,1410680,67175
2015-05-22,Available,200%,Channel: 50 - Commercial,67742,135484,CHESAPEAKE VA - BUCKEYE (PLANT 9483),71320,64164,0,0,05/23 00:00:00 EDT,67742,REGULAR,Daily,10,2015-05-22 22:00:06,2063409,2015-05-22 00:00:00,5,22,1493279,67876,2444031,111092,1482000,67363
2015-05-23,Available,200%,Channel: 50 - Commercial,67742,135484,CHESAPEAKE VA - BUCKEYE (PLANT 9483),72916,62568,0,0,05/24 00:00:00 EDT,67742,REGULAR,Daily,4,2015-05-23 22:29:44,2106134,2015-05-23 00:00:00,5,23,1561021,67870,2579515,112152,1554916,67605
2015-05-24,Available,200%,Channel: 50 - Commercial,67742,135484,CHESAPEAKE VA - BUCKEYE (PLANT 9483),30006,105478,0,0,05/25 00:00:00 EDT,67742,REGULAR,Daily,10,2015-05-24 22:00:07,2138039,2015-05-24 00:00:00,5,24,1628763,67865,2714999,113124,1584922,66038
2015-05-25,Available,200%,Channel: 50 - Commercial,67742,135484,CHESAPEAKE VA - BUCKEYE (PLANT 9483),19806,115678,0,0,05/26 00:00:00 EDT,67742,REGULAR,Daily,6,2015-05-25 15:00:08,2165513,2015-05-25 00:00:00,5,25,1696505,67860,2850483,114019,1604728,64189
2015-05-26,Available,200%,Channel: 50 - Commercial,67742,135484,CHESAPEAKE VA - BUCKEYE (PLANT 9483),72606,62878,0,0,05/27 00:00:00 EDT,67742,REGULAR,Daily,11,2015-05-26 22:00:10,2216555,2015-05-26 00:00:00,5,26,1764247,67855,2985967,114844,1677334,64512
2015-05-27,Available,200%,Channel: 50 - Commercial,67742,135484,CHESAPEAKE VA - BUCKEYE (PLANT 9483),69349,66135,0,0,05/28 00:00:00 EDT,67742,REGULAR,Daily,10,2015-05-27 22:00:08,2255462,2015-05-27 00:00:00,5,27,1831989,67851,3121451,115609,1746683,64691
2015-05-28,Available,200%,Channel: 50 - Commercial,67742,135484,CHESAPEAKE VA - BUCKEYE (PLANT 9483),75602,59882,0,0,05/29 00:00:00 EDT,67742,REGULAR,Daily,9,2015-05-28 22:01:06,2292925,2015-05-28 00:00:00,5,28,1899731,67847,3256935,116319,1822285,65081
2015-05-29,Available,200%,Channel: 50 - Commercial,67742,135484,CHESAPEAKE VA - BUCKEYE (PLANT 9483),91753,43731,0,0,05/30 00:00:00 EDT,67742,REGULAR,Daily,10,2015-05-29 22:01:09,2332164,2015-05-29 00:00:00,5,29,1967473,67843,3392419,116979,1914038,66001
2015-05-30,Available,200%,Channel: 50 - Commercial,67742,135484,CHESAPEAKE VA - BUCKEYE (PLANT 9483),51117,84367,0,0,05/31 00:00:00 EDT,67742,REGULAR,Daily,10,2015-05-30 22:01:07,2370406,2015-05-30 00:00:00,5,30,2035215,67840,3527903,117596,1965155,65505
2015-05-31,Available,200%,Channel: 50 - Commercial,67742,135484,CHESAPEAKE VA - BUCKEYE (PLANT 9483),49906,85578,0,0,06/01 00:00:00 EDT,67742,REGULAR,Daily,10,2015-05-31 22:01:05,2406679,2015-05-31 00:00:00,5,31,2102957,67837,3663387,118173,2015061,65001
