,enallocationstatus,percentage_allocation,account_type,base_gallons,beginning_gallons,terminal_name,lifted_gallons,remaining_gallons,additional_gallons_allowed,additional_gallons_remaining,next_refresh_date,next_refresh_base_gallons,product_name,period,batchno,execution_date,rid,date,Month,cum_base_gallons,avg_base_perday,cum_beginning_gallons,avg_beginning_perday,cum_lifted_gallons,avg_lifted_perday
2015-05-01,Available,110%,MANSFIELD OIL COMPANY : CHV5246494,174260,191686,1006 SACRAMENTO CA TRM CHEVRON,23893,167793,0,0,06/01 00:00:00 PDT,174260,DIESEL #2,Monthly,11,2015-05-01 22:12:11,1236487,2015-05-01 00:00:00,5,174260,174260,191686,191686,23893,23893
2015-05-02,Available,110%,MANSFIELD OIL COMPANY : CHV5246494,174260,191686,1006 SACRAMENTO CA TRM CHEVRON,23893,167793,0,0,06/01 00:00:00 PDT,174260,DIESEL #2,Monthly,10,2015-05-02 22:12:00,1275125,2015-05-02 00:00:00,5,348520,174260,383372,191686,47786,23893
2015-05-03,Available,110%,MANSFIELD OIL COMPANY : CHV5246494,174260,191686,1006 SACRAMENTO CA TRM CHEVRON,23893,167793,0,0,06/01 00:00:00 PDT,174260,DIESEL #2,Monthly,10,2015-05-03 22:12:23,1312175,2015-05-03 00:00:00,5,522780,174260,575058,191686,71679,23893
2015-05-04,Available,110%,MANSFIELD OIL COMPANY : CHV5246494,174260,191686,1006 SACRAMENTO CA TRM CHEVRON,31387,160299,15000,7506,06/01 00:00:00 PDT,174260,DIESEL #2,Monthly,10,2015-05-04 22:12:18,1350557,2015-05-04 00:00:00,5,697040,174260,766744,191686,103066,25766
2015-05-05,Available,110%,MANSFIELD OIL COMPANY : CHV5246494,174260,191686,1006 SACRAMENTO CA TRM CHEVRON,38785,152901,7500,102,06/01 00:00:00 PDT,174260,DIESEL #2,Monthly,10,2015-05-05 22:12:36,1388726,2015-05-05 00:00:00,5,871300,174260,958430,191686,141851,28370
2015-05-06,Available,110%,MANSFIELD OIL COMPANY : CHV5246494,174260,191686,1006 SACRAMENTO CA TRM CHEVRON,46279,145407,0,0,06/01 00:00:00 PDT,174260,DIESEL #2,Monthly,11,2015-05-06 22:12:29,1431262,2015-05-06 00:00:00,5,1045560,174260,1150116,191686,188130,31355
2015-05-07,Available,110%,MANSFIELD OIL COMPANY : CHV5246494,174260,191686,1006 SACRAMENTO CA TRM CHEVRON,53777,137909,0,0,06/01 00:00:00 PDT,174260,DIESEL #2,Monthly,10,2015-05-07 22:12:24,1471504,2015-05-07 00:00:00,5,1219820,174260,1341802,191686,241907,34558
2015-05-08,Available,110%,MANSFIELD OIL COMPANY : CHV5246494,174260,191686,1006 SACRAMENTO CA TRM CHEVRON,53777,137909,0,0,06/01 00:00:00 PDT,174260,DIESEL #2,Monthly,12,2015-05-08 22:11:29,1511382,2015-05-08 00:00:00,5,1394080,174260,1533488,191686,295684,36960
2015-05-09,Available,110%,MANSFIELD OIL COMPANY : CHV5246494,174260,191686,1006 SACRAMENTO CA TRM CHEVRON,63370,128316,0,0,06/01 00:00:00 PDT,174260,DIESEL #2,Monthly,12,2015-05-09 22:11:29,1557961,2015-05-09 00:00:00,5,1568340,174260,1725174,191686,359054,39894
2015-05-10,Available,110%,MANSFIELD OIL COMPANY : CHV5246494,174260,191686,1006 SACRAMENTO CA TRM CHEVRON,63370,128316,0,0,06/01 00:00:00 PDT,174260,DIESEL #2,Monthly,11,2015-05-10 22:11:27,1593499,2015-05-10 00:00:00,5,1742600,174260,1916860,191686,422424,42242
2015-05-11,Available,110%,MANSFIELD OIL COMPANY : CHV5246494,174260,191686,1006 SACRAMENTO CA TRM CHEVRON,78864,112822,0,0,06/01 00:00:00 PDT,174260,DIESEL #2,Monthly,10,2015-05-11 22:11:25,1633312,2015-05-11 00:00:00,5,1916860,174260,2108546,191686,501288,45571
2015-05-12,Limited,110%,MANSFIELD OIL COMPANY : CHV5246494,174260,191686,1006 SACRAMENTO CA TRM CHEVRON,102125,89561,7500,2,06/01 00:00:00 PDT,174260,DIESEL #2,Monthly,10,2015-05-12 22:11:35,1672492,2015-05-12 00:00:00,5,2091120,174260,2300232,191686,603413,50284
2015-05-13,Limited,110%,MANSFIELD OIL COMPANY : CHV5246494,174260,191686,1006 SACRAMENTO CA TRM CHEVRON,109643,82043,0,0,06/01 00:00:00 PDT,174260,DIESEL #2,Monthly,12,2015-05-13 22:11:17,1714557,2015-05-13 00:00:00,5,2265380,174260,2491918,191686,713056,54850
2015-05-14,Limited,110%,MANSFIELD OIL COMPANY : CHV5246494,174260,191686,1006 SACRAMENTO CA TRM CHEVRON,117419,74267,0,0,06/01 00:00:00 PDT,174260,DIESEL #2,Monthly,11,2015-05-14 22:09:40,1752867,2015-05-14 00:00:00,5,2439640,174260,2683604,191686,830475,59319
2015-05-15,Limited,110%,MANSFIELD OIL COMPANY : CHV5246494,174260,191686,1006 SACRAMENTO CA TRM CHEVRON,142640,49046,7500,-7502,06/01 00:00:00 PDT,174260,DIESEL #2,Monthly,11,2015-05-15 22:11:04,1789345,2015-05-15 00:00:00,5,2613900,174260,2875290,191686,973115,64874
2015-05-16,Limited,110%,MANSFIELD OIL COMPANY : CHV5246494,174260,191686,1006 SACRAMENTO CA TRM CHEVRON,142640,49046,0,0,06/01 00:00:00 PDT,174260,DIESEL #2,Monthly,10,2015-05-16 22:11:31,1829110,2015-05-16 00:00:00,5,2788160,174260,3066976,191686,1115755,69734
2015-05-17,Limited,110%,MANSFIELD OIL COMPANY : CHV5246494,174260,191686,1006 SACRAMENTO CA TRM CHEVRON,142640,49046,0,0,06/01 00:00:00 PDT,174260,DIESEL #2,Monthly,10,2015-05-17 22:11:12,1859418,2015-05-17 00:00:00,5,2962420,174260,3258662,191686,1258395,74023
2015-05-18,Limited,110%,MANSFIELD OIL COMPANY : CHV5246494,174260,191686,1006 SACRAMENTO CA TRM CHEVRON,142640,49046,0,0,06/01 00:00:00 PDT,174260,DIESEL #2,Monthly,11,2015-05-18 22:12:43,1900799,2015-05-18 00:00:00,5,3136680,174260,3450348,191686,1401035,77835
2015-05-19,Limited,110%,MANSFIELD OIL COMPANY : CHV5246494,174260,191686,1006 SACRAMENTO CA TRM CHEVRON,142640,49046,0,0,06/01 00:00:00 PDT,174260,DIESEL #2,Monthly,10,2015-05-19 22:11:55,1940750,2015-05-19 00:00:00,5,3310940,174260,3642034,191686,1543675,81246
2015-05-20,Limited,110%,MANSFIELD OIL COMPANY : CHV5246494,174260,191686,1006 SACRAMENTO CA TRM CHEVRON,150139,41547,0,0,06/01 00:00:00 PDT,174260,DIESEL #2,Monthly,13,2015-05-20 22:11:56,1982641,2015-05-20 00:00:00,5,3485200,174260,3833720,191686,1693814,84690
2015-05-21,Low,110%,MANSFIELD OIL COMPANY : CHV5246494,174260,191686,1006 SACRAMENTO CA TRM CHEVRON,157631,34055,0,0,06/01 00:00:00 PDT,174260,DIESEL #2,Monthly,10,2015-05-21 22:11:53,2025720,2015-05-21 00:00:00,5,3659460,174260,4025406,191686,1851445,88164
2015-05-22,Low,110%,MANSFIELD OIL COMPANY : CHV5246494,174260,191686,1006 SACRAMENTO CA TRM CHEVRON,165127,26559,0,0,06/01 00:00:00 PDT,174260,DIESEL #2,Monthly,10,2015-05-22 22:11:52,2065607,2015-05-22 00:00:00,5,3833720,174260,4217092,191686,2016572,91662
2015-05-23,Low,110%,MANSFIELD OIL COMPANY : CHV5246494,174260,191686,1006 SACRAMENTO CA TRM CHEVRON,165127,26559,0,0,06/01 00:00:00 PDT,174260,DIESEL #2,Monthly,9,2015-05-23 22:11:48,2104517,2015-05-23 00:00:00,5,4007980,174260,4408778,191686,2181699,94856
2015-05-24,Low,110%,MANSFIELD OIL COMPANY : CHV5246494,174260,191686,1006 SACRAMENTO CA TRM CHEVRON,165127,26559,0,0,06/01 00:00:00 PDT,174260,DIESEL #2,Monthly,10,2015-05-24 22:12:17,2140165,2015-05-24 00:00:00,5,4182240,174260,4600464,191686,2346826,97784
2015-05-25,Low,110%,MANSFIELD OIL COMPANY : CHV5246494,174260,191686,1006 SACRAMENTO CA TRM CHEVRON,165127,26559,0,0,06/01 00:00:00 PDT,174260,DIESEL #2,Monthly,10,2015-05-25 22:11:59,2179175,2015-05-25 00:00:00,5,4356500,174260,4792150,191686,2511953,100478
2015-05-26,Low,110%,MANSFIELD OIL COMPANY : CHV5246494,174260,191686,1006 SACRAMENTO CA TRM CHEVRON,180151,11535,0,0,06/01 00:00:00 PDT,174260,DIESEL #2,Monthly,10,2015-05-26 22:12:00,2218586,2015-05-26 00:00:00,5,4530760,174260,4983836,191686,2692104,103542
2015-05-27,Low,110%,MANSFIELD OIL COMPANY : CHV5246494,174260,191686,1006 SACRAMENTO CA TRM CHEVRON,180151,11535,0,0,06/01 00:00:00 PDT,174260,DIESEL #2,Monthly,10,2015-05-27 22:12:38,2257401,2015-05-27 00:00:00,5,4705020,174260,5175522,191686,2872255,106379
2015-05-28,Low,110%,MANSFIELD OIL COMPANY : CHV5246494,174260,191686,1006 SACRAMENTO CA TRM CHEVRON,187549,4137,0,0,06/01 00:00:00 PDT,174260,DIESEL #2,Monthly,11,2015-05-28 22:13:26,2295039,2015-05-28 00:00:00,5,4879280,174260,5367208,191686,3059804,109278
2015-05-29,Out,110%,MANSFIELD OIL COMPANY : CHV5246494,174260,191686,1006 SACRAMENTO CA TRM CHEVRON,204437,-12751,7000,-496,06/01 00:00:00 PDT,174260,DIESEL #2,Monthly,10,2015-05-29 22:13:24,2334322,2015-05-29 00:00:00,5,5053540,174260,5558894,191686,3264241,112560
2015-05-30,Out,110%,MANSFIELD OIL COMPANY : CHV5246494,174260,191686,1006 SACRAMENTO CA TRM CHEVRON,204437,-12751,0,0,06/01 00:00:00 PDT,174260,DIESEL #2,Monthly,10,2015-05-30 22:13:37,2372547,2015-05-30 00:00:00,5,5227800,174260,5750580,191686,3468678,115622
2015-05-31,Out,110%,MANSFIELD OIL COMPANY : CHV5246494,174260,191686,1006 SACRAMENTO CA TRM CHEVRON,204437,-12751,0,0,06/01 00:00:00 PDT,152519,DIESEL #2,Monthly,10,2015-05-31 22:14:15,2410092,2015-05-31 00:00:00,5,5402060,174260,5942266,191686,3673115,118487
