,enallocationstatus,percentage_allocation,account_type,base_gallons,beginning_gallons,terminal_name,lifted_gallons,remaining_gallons,additional_gallons_allowed,additional_gallons_remaining,next_refresh_date,next_refresh_base_gallons,product_name,period,batchno,execution_date,rid,date,Month,Day,cum_base_gallons,avg_base_perday,cum_beginning_gallons,avg_beginning_perday,cum_lifted_gallons,avg_lifted_perday
2015-05-01,Unknown,110%,MANSFIELD OIL CO-383369,500000,550000,1262-LEMONT-CITGO,17394,532606,,,06/01 00:01:00 CDT,,PRM,Monthly,11,2015-05-01 22:01:06,1235870,2015-05-01 00:00:00,5,1,500000,500000,550000,550000,17394,17394
2015-05-02,Unknown,110%,MANSFIELD OIL CO-383369,500000,550000,1262-LEMONT-CITGO,43487,506513,,,06/01 00:01:00 CDT,,PRM,Monthly,10,2015-05-02 22:01:05,1274507,2015-05-02 00:00:00,5,2,1000000,500000,1100000,550000,60881,30440
2015-05-03,Unknown,110%,MANSFIELD OIL CO-383369,500000,550000,1262-LEMONT-CITGO,69583,480417,,,06/01 00:01:00 CDT,,PRM,Monthly,10,2015-05-03 22:01:08,1311557,2015-05-03 00:00:00,5,3,1500000,500000,1650000,550000,130464,43488
2015-05-04,Unknown,110%,MANSFIELD OIL CO-383369,500000,550000,1262-LEMONT-CITGO,87977,462023,,,06/01 00:01:00 CDT,,PRM,Monthly,10,2015-05-04 22:01:07,1349935,2015-05-04 00:00:00,5,4,2000000,500000,2200000,550000,218441,54610
2015-05-05,Unknown,110%,MANSFIELD OIL CO-383369,500000,550000,1262-LEMONT-CITGO,96676,453324,,,06/01 00:01:00 CDT,,PRM,Monthly,10,2015-05-05 22:01:06,1388106,2015-05-05 00:00:00,5,5,2500000,500000,2750000,550000,315117,63023
2015-05-06,Unknown,110%,MANSFIELD OIL CO-383369,500000,550000,1262-LEMONT-CITGO,136483,413517,,,06/01 00:01:00 CDT,,PRM,Monthly,10,2015-05-06 22:01:04,1430731,2015-05-06 00:00:00,5,6,3000000,500000,3300000,550000,451600,75266
2015-05-07,Unknown,110%,MANSFIELD OIL CO-383369,500000,550000,1262-LEMONT-CITGO,145180,404820,,,06/01 00:01:00 CDT,,PRM,Monthly,10,2015-05-07 22:01:09,1470879,2015-05-07 00:00:00,5,7,3500000,500000,3850000,550000,596780,85254
2015-05-08,Unknown,110%,MANSFIELD OIL CO-383369,500000,550000,1262-LEMONT-CITGO,171282,378718,,,06/01 00:01:00 CDT,,PRM,Monthly,11,2015-05-08 22:00:09,1510752,2015-05-08 00:00:00,5,8,4000000,500000,4400000,550000,768062,96007
2015-05-09,Unknown,110%,MANSFIELD OIL CO-383369,500000,550000,1262-LEMONT-CITGO,208582,341418,,,06/01 00:01:00 CDT,,PRM,Monthly,6,2015-05-09 22:00:09,1557332,2015-05-09 00:00:00,5,9,4500000,500000,4950000,550000,976644,108516
2015-05-10,Unknown,110%,MANSFIELD OIL CO-383369,500000,550000,1262-LEMONT-CITGO,217282,332718,,,06/01 00:01:00 CDT,,PRM,Monthly,10,2015-05-10 22:00:07,1592754,2015-05-10 00:00:00,5,10,5000000,500000,5500000,550000,1193926,119392
2015-05-11,Unknown,110%,MANSFIELD OIL CO-383369,500000,550000,1262-LEMONT-CITGO,234681,315319,,,06/01 00:01:00 CDT,,PRM,Monthly,10,2015-05-11 22:00:09,1632686,2015-05-11 00:00:00,5,11,5500000,500000,6050000,550000,1428607,129873
2015-05-12,Unknown,110%,MANSFIELD OIL CO-383369,500000,550000,1262-LEMONT-CITGO,255574,294426,,,06/01 00:01:00 CDT,,PRM,Monthly,10,2015-05-12 22:00:10,1671863,2015-05-12 00:00:00,5,12,6000000,500000,6600000,550000,1684181,140348
2015-05-13,Unknown,110%,MANSFIELD OIL CO-383369,500000,550000,1262-LEMONT-CITGO,292887,257113,,,06/01 00:01:00 CDT,,PRM,Monthly,10,2015-05-13 22:00:06,1713931,2015-05-13 00:00:00,5,13,6500000,500000,7150000,550000,1977068,152082
2015-05-14,Unknown,110%,MANSFIELD OIL CO-383369,500000,550000,1262-LEMONT-CITGO,310194,239806,,,06/01 00:01:00 CDT,,PRM,Monthly,10,2015-05-14 22:00:10,1752483,2015-05-14 00:00:00,5,14,7000000,500000,7700000,550000,2287262,163375
2015-05-15,Unknown,110%,MANSFIELD OIL CO-383369,500000,550000,1262-LEMONT-CITGO,327595,222405,,,06/01 00:01:00 CDT,,PRM,Monthly,8,2015-05-15 19:00:09,1783144,2015-05-15 00:00:00,5,15,7500000,500000,8250000,550000,2614857,174323
2015-05-16,Unknown,110%,MANSFIELD OIL CO-383369,500000,550000,1262-LEMONT-CITGO,347030,202970,,,06/01 00:01:00 CDT,,PRM,Monthly,10,2015-05-16 22:00:11,1828422,2015-05-16 00:00:00,5,16,8000000,500000,8800000,550000,2961887,185117
2015-05-17,Unknown,110%,MANSFIELD OIL CO-383369,500000,550000,1262-LEMONT-CITGO,366952,183048,,,06/01 00:01:00 CDT,,PRM,Monthly,10,2015-05-17 22:00:07,1858824,2015-05-17 00:00:00,5,17,8500000,500000,9350000,550000,3328839,195814
2015-05-18,Unknown,110%,MANSFIELD OIL CO-383369,500000,550000,1262-LEMONT-CITGO,392851,157149,,,06/01 00:01:00 CDT,,PRM,Monthly,10,2015-05-18 22:00:08,1900173,2015-05-18 00:00:00,5,18,9000000,500000,9900000,550000,3721690,206760
2015-05-19,Unknown,110%,MANSFIELD OIL CO-383369,500000,550000,1262-LEMONT-CITGO,416058,133942,,,06/01 00:01:00 CDT,,PRM,Monthly,10,2015-05-19 22:00:10,1940115,2015-05-19 00:00:00,5,19,9500000,500000,10450000,550000,4137748,217776
2015-05-20,Unknown,110%,MANSFIELD OIL CO-383369,500000,550000,1262-LEMONT-CITGO,418561,131439,,,06/01 00:01:00 CDT,,PRM,Monthly,10,2015-05-20 22:00:11,1982044,2015-05-20 00:00:00,5,20,10000000,500000,11000000,550000,4556309,227815
2015-05-21,Unknown,100%,MANSFIELD OIL CO-383369,500000,500000,1262-LEMONT-CITGO,444659,55341,,,06/01 00:01:00 CDT,,PRM,Monthly,10,2015-05-21 22:00:08,2025122,2015-05-21 00:00:00,5,21,10500000,500000,11500000,547619,5000968,238141
2015-05-22,Unknown,100%,MANSFIELD OIL CO-383369,500000,500000,1262-LEMONT-CITGO,467172,32828,,,06/01 00:01:00 CDT,,PRM,Monthly,10,2015-05-22 22:00:06,2064974,2015-05-22 00:00:00,5,22,11000000,500000,12000000,545454,5468140,248551
2015-05-23,Unknown,100%,MANSFIELD OIL CO-383369,500000,500000,1262-LEMONT-CITGO,489585,10415,,,06/01 00:01:00 CDT,,PRM,Monthly,10,2015-05-23 22:00:07,2103769,2015-05-23 00:00:00,5,23,11500000,500000,12500000,543478,5957725,259031
2015-05-24,Unknown,100%,MANSFIELD OIL CO-383369,500000,500000,1262-LEMONT-CITGO,510513,-10513,,,06/01 00:01:00 CDT,,PRM,Monthly,10,2015-05-24 22:00:07,2139508,2015-05-24 00:00:00,5,24,12000000,500000,13000000,541666,6468238,269509
2015-05-25,Unknown,100%,MANSFIELD OIL CO-383369,500000,500000,1262-LEMONT-CITGO,510513,-10513,,,06/01 00:01:00 CDT,,PRM,Monthly,10,2015-05-25 22:00:09,2178546,2015-05-25 00:00:00,5,25,12500000,500000,13500000,540000,6978751,279150
2015-05-26,Unknown,100%,MANSFIELD OIL CO-383369,500000,500000,1262-LEMONT-CITGO,510513,-10513,,,06/01 00:01:00 CDT,,PRM,Monthly,10,2015-05-26 22:00:10,2217993,2015-05-26 00:00:00,5,26,13000000,500000,14000000,538461,7489264,288048
2015-05-27,Unknown,100%,MANSFIELD OIL CO-383369,500000,500000,1262-LEMONT-CITGO,510513,-10513,,,06/01 00:01:00 CDT,,PRM,Monthly,10,2015-05-27 22:00:08,2256920,2015-05-27 00:00:00,5,27,13500000,500000,14500000,537037,7999777,296288
2015-05-28,Unknown,100%,MANSFIELD OIL CO-383369,542000,542000,1262-LEMONT-CITGO,530113,11887,,,06/01 00:01:00 CDT,,PRM,Monthly,10,2015-05-28 22:01:06,2294390,2015-05-28 00:00:00,5,28,14042000,501500,15042000,537214,8529890,304638
2015-05-29,Unknown,100%,MANSFIELD OIL CO-383369,542000,542000,1262-LEMONT-CITGO,542308,-308,,,06/01 00:01:00 CDT,,PRM,Monthly,10,2015-05-29 22:01:09,2333698,2015-05-29 00:00:00,5,29,14584000,502896,15584000,537379,9072198,312834
2015-05-30,Unknown,100%,MANSFIELD OIL CO-383369,542000,542000,1262-LEMONT-CITGO,542308,-308,,,06/01 00:01:00 CDT,,PRM,Monthly,9,2015-05-30 22:01:08,2371924,2015-05-30 00:00:00,5,30,15126000,504200,16126000,537533,9614506,320483
2015-05-31,Unknown,100%,MANSFIELD OIL CO-383369,772710,772710,1262-LEMONT-CITGO,542308,230402,,,06/01 00:01:00 CDT,,PRM,Monthly,10,2015-05-31 22:01:05,2407442,2015-05-31 00:00:00,5,31,15898710,512861,16898710,545119,10156814,327639
