,enallocationstatus,percentage_allocation,account_type,base_gallons,beginning_gallons,terminal_name,lifted_gallons,remaining_gallons,additional_gallons_allowed,additional_gallons_remaining,next_refresh_date,next_refresh_base_gallons,product_name,period,batchno,execution_date,rid,date,Month,Day,cum_base_gallons,avg_base_perday,cum_beginning_gallons,avg_beginning_perday,cum_lifted_gallons,avg_lifted_perday
2015-05-01,Unknown,200%,MANSFIELD OIL CO-383369,16129,32258,1262-LEMONT-CITGO,17394,14864,,,05/02 00:01:00 CDT,,PRM,Daily,11,2015-05-01 22:01:06,1235868,2015-05-01 00:00:00,5,1,16129,16129,32258,32258,17394,17394
2015-05-02,Unknown,200%,MANSFIELD OIL CO-383369,16129,32258,1262-LEMONT-CITGO,26093,6165,,,05/03 00:01:00 CDT,,PRM,Daily,10,2015-05-02 22:01:05,1274505,2015-05-02 00:00:00,5,2,32258,16129,64516,32258,43487,21743
2015-05-03,Unknown,200%,MANSFIELD OIL CO-383369,16129,32258,1262-LEMONT-CITGO,26096,6162,,,05/04 00:01:00 CDT,,PRM,Daily,10,2015-05-03 22:01:08,1311555,2015-05-03 00:00:00,5,3,48387,16129,96774,32258,69583,23194
2015-05-04,Unknown,200%,MANSFIELD OIL CO-383369,16129,32258,1262-LEMONT-CITGO,18394,13864,,,05/05 00:01:00 CDT,,PRM,Daily,10,2015-05-04 22:01:07,1349933,2015-05-04 00:00:00,5,4,64516,16129,129032,32258,87977,21994
2015-05-05,Unknown,200%,MANSFIELD OIL CO-383369,16129,32258,1262-LEMONT-CITGO,8699,23559,,,05/06 00:01:00 CDT,,PRM,Daily,10,2015-05-05 22:01:06,1388104,2015-05-05 00:00:00,5,5,80645,16129,161290,32258,96676,19335
2015-05-06,Unknown,200%,MANSFIELD OIL CO-383369,16129,32258,1262-LEMONT-CITGO,39807,-7549,,,05/07 00:01:00 CDT,,PRM,Daily,10,2015-05-06 22:01:04,1430729,2015-05-06 00:00:00,5,6,96774,16129,193548,32258,136483,22747
2015-05-07,Unknown,200%,MANSFIELD OIL CO-383369,16129,32258,1262-LEMONT-CITGO,8697,23561,,,05/08 00:01:00 CDT,,PRM,Daily,10,2015-05-07 22:01:09,1470877,2015-05-07 00:00:00,5,7,112903,16129,225806,32258,145180,20740
2015-05-08,Unknown,200%,MANSFIELD OIL CO-383369,16129,32258,1262-LEMONT-CITGO,26102,6156,,,05/09 00:01:00 CDT,,PRM,Daily,11,2015-05-08 22:00:09,1510750,2015-05-08 00:00:00,5,8,129032,16129,258064,32258,171282,21410
2015-05-09,Unknown,200%,MANSFIELD OIL CO-383369,16129,32258,1262-LEMONT-CITGO,37300,-5042,,,05/10 00:01:00 CDT,,PRM,Daily,6,2015-05-09 22:00:09,1557330,2015-05-09 00:00:00,5,9,145161,16129,290322,32258,208582,23175
2015-05-10,Unknown,200%,MANSFIELD OIL CO-383369,16129,32258,1262-LEMONT-CITGO,8700,23558,,,05/11 00:01:00 CDT,,PRM,Daily,10,2015-05-10 22:00:07,1592752,2015-05-10 00:00:00,5,10,161290,16129,322580,32258,217282,21728
2015-05-11,Unknown,200%,MANSFIELD OIL CO-383369,16129,32258,1262-LEMONT-CITGO,17399,14859,,,05/12 00:01:00 CDT,,PRM,Daily,10,2015-05-11 22:00:09,1632684,2015-05-11 00:00:00,5,11,177419,16129,354838,32258,234681,21334
2015-05-12,Unknown,200%,MANSFIELD OIL CO-383369,16129,32258,1262-LEMONT-CITGO,20893,11365,,,05/13 00:01:00 CDT,,PRM,Daily,10,2015-05-12 22:00:10,1671861,2015-05-12 00:00:00,5,12,193548,16129,387096,32258,255574,21297
2015-05-13,Unknown,200%,MANSFIELD OIL CO-383369,16129,32258,1262-LEMONT-CITGO,37313,-5055,7000.0,-1699.0,05/14 00:01:00 CDT,,PRM,Daily,10,2015-05-13 22:00:06,1713929,2015-05-13 00:00:00,5,13,209677,16129,419354,32258,292887,22529
2015-05-14,Unknown,200%,MANSFIELD OIL CO-383369,16129,32258,1262-LEMONT-CITGO,17307,14951,,,05/15 00:01:00 CDT,,PRM,Daily,10,2015-05-14 22:00:10,1752481,2015-05-14 00:00:00,5,14,225806,16129,451612,32258,310194,22156
2015-05-15,Unknown,200%,MANSFIELD OIL CO-383369,16129,32258,1262-LEMONT-CITGO,17401,14857,,,05/16 00:01:00 CDT,,PRM,Daily,8,2015-05-15 19:00:09,1783142,2015-05-15 00:00:00,5,15,241935,16129,483870,32258,327595,21839
2015-05-16,Unknown,200%,MANSFIELD OIL CO-383369,16129,32258,1262-LEMONT-CITGO,10720,21538,,,05/17 00:01:00 CDT,,PRM,Daily,10,2015-05-16 22:00:11,1828420,2015-05-16 00:00:00,5,16,258064,16129,516128,32258,338315,21144
2015-05-17,Unknown,200%,MANSFIELD OIL CO-383369,16129,32258,1262-LEMONT-CITGO,19922,12336,,,05/18 00:01:00 CDT,,PRM,Daily,10,2015-05-17 22:00:07,1858822,2015-05-17 00:00:00,5,17,274193,16129,548386,32258,358237,21072
2015-05-18,Unknown,200%,MANSFIELD OIL CO-383369,16129,32258,1262-LEMONT-CITGO,25899,6359,,,05/19 00:01:00 CDT,,PRM,Daily,10,2015-05-18 22:00:08,1900171,2015-05-18 00:00:00,5,18,290322,16129,580644,32258,384136,21340
2015-05-19,Unknown,200%,MANSFIELD OIL CO-383369,16129,32258,1262-LEMONT-CITGO,23207,9051,,,05/20 00:01:00 CDT,,PRM,Daily,10,2015-05-19 22:00:10,1940113,2015-05-19 00:00:00,5,19,306451,16129,612902,32258,407343,21439
2015-05-20,Unknown,200%,MANSFIELD OIL CO-383369,16129,32258,1262-LEMONT-CITGO,0,32258,,,05/21 00:01:00 CDT,,PRM,Daily,10,2015-05-20 22:00:11,1982042,2015-05-20 00:00:00,5,20,322580,16129,645160,32258,407343,20367
2015-05-21,Unknown,125%,MANSFIELD OIL CO-383369,16129,20161,1262-LEMONT-CITGO,26098,-5937,,,05/22 00:01:00 CDT,,PRM,Daily,10,2015-05-21 22:00:08,2025120,2015-05-21 00:00:00,5,21,338709,16129,665321,31681,433441,20640
2015-05-22,Unknown,125%,MANSFIELD OIL CO-383369,16129,20161,1262-LEMONT-CITGO,22513,-2352,,,05/23 00:01:00 CDT,,PRM,Daily,10,2015-05-22 22:00:06,2064972,2015-05-22 00:00:00,5,22,354838,16129,685482,31158,455954,20725
2015-05-23,Unknown,125%,MANSFIELD OIL CO-383369,16129,20161,1262-LEMONT-CITGO,22413,-2252,500.0,-1752.0,05/24 00:01:00 CDT,,PRM,Daily,10,2015-05-23 22:00:07,2103767,2015-05-23 00:00:00,5,23,370967,16129,705643,30680,478367,20798
2015-05-24,Unknown,125%,MANSFIELD OIL CO-383369,16129,20161,1262-LEMONT-CITGO,20928,-767,,,05/25 00:01:00 CDT,,PRM,Daily,10,2015-05-24 22:00:07,2139506,2015-05-24 00:00:00,5,24,387096,16129,725804,30241,499295,20803
2015-05-25,Unknown,125%,MANSFIELD OIL CO-383369,16129,20161,1262-LEMONT-CITGO,0,20161,,,05/26 00:01:00 CDT,,PRM,Daily,10,2015-05-25 22:00:09,2178544,2015-05-25 00:00:00,5,25,403225,16129,745965,29838,499295,19971
2015-05-26,Unknown,125%,MANSFIELD OIL CO-383369,16129,20161,1262-LEMONT-CITGO,0,20161,,,05/27 00:01:00 CDT,,PRM,Daily,10,2015-05-26 22:00:10,2217991,2015-05-26 00:00:00,5,26,419354,16129,766126,29466,499295,19203
2015-05-27,Unknown,125%,MANSFIELD OIL CO-383369,16129,20161,1262-LEMONT-CITGO,0,20161,,,05/28 00:01:00 CDT,,PRM,Daily,10,2015-05-27 22:00:08,2256918,2015-05-27 00:00:00,5,27,435483,16129,786287,29121,499295,18492
2015-05-28,Unknown,125%,MANSFIELD OIL CO-383369,17484,21855,1262-LEMONT-CITGO,19600,2255,,,05/29 00:01:00 CDT,,PRM,Daily,10,2015-05-28 22:01:06,2294388,2015-05-28 00:00:00,5,28,452967,16177,808142,28862,518895,18531
2015-05-29,Unknown,125%,MANSFIELD OIL CO-383369,17484,21855,1262-LEMONT-CITGO,12195,9660,,,05/30 00:01:00 CDT,,PRM,Daily,10,2015-05-29 22:01:09,2333696,2015-05-29 00:00:00,5,29,470451,16222,829997,28620,531090,18313
2015-05-30,Unknown,125%,MANSFIELD OIL CO-383369,17484,21855,1262-LEMONT-CITGO,0,21855,,,05/31 00:01:00 CDT,,PRM,Daily,9,2015-05-30 22:01:08,2371922,2015-05-30 00:00:00,5,30,487935,16264,851852,28395,531090,17703
2015-05-31,Unknown,125%,MANSFIELD OIL CO-383369,24926,31158,1262-LEMONT-CITGO,0,31158,,,06/01 00:01:00 CDT,,PRM,Daily,10,2015-05-31 22:01:05,2407440,2015-05-31 00:00:00,5,31,512861,16543,883010,28484,531090,17131
