,enallocationstatus,percentage_allocation,account_type,base_gallons,beginning_gallons,terminal_name,lifted_gallons,remaining_gallons,additional_gallons_allowed,additional_gallons_remaining,next_refresh_date,next_refresh_base_gallons,product_name,period,batchno,execution_date,rid,date,Month,Day,cum_base_gallons,avg_base_perday,cum_beginning_gallons,avg_beginning_perday,cum_lifted_gallons,avg_lifted_perday
2015-06-01,Unknown,100%,MANSFIELD OIL CO-383369,500000,500000,1262-LEMONT-CITGO,26094,473906,,,07/01 00:01:00 CDT,,PRM,Monthly,10,2015-06-01 22:01:09,2446698,2015-06-01 00:00:00,6,1,500000,500000,500000,500000,26094,26094
2015-06-02,Unknown,100%,MANSFIELD OIL CO-383369,500000,500000,1262-LEMONT-CITGO,63015,436985,,,07/01 00:01:00 CDT,,PRM,Monthly,10,2015-06-02 22:01:07,2485740,2015-06-02 00:00:00,6,2,1000000,500000,1000000,500000,89109,44554
2015-06-03,Unknown,100%,MANSFIELD OIL CO-383369,500000,500000,1262-LEMONT-CITGO,72713,427287,,,07/01 00:01:00 CDT,,PRM,Monthly,10,2015-06-03 22:01:09,2523701,2015-06-03 00:00:00,6,3,1500000,500000,1500000,500000,161822,53940
2015-06-04,Unknown,100%,MANSFIELD OIL CO-383369,500000,500000,1262-LEMONT-CITGO,111019,388981,,,07/01 00:01:00 CDT,,PRM,Monthly,10,2015-06-04 22:01:07,2562244,2015-06-04 00:00:00,6,4,2000000,500000,2000000,500000,272841,68210
2015-06-05,Unknown,100%,MANSFIELD OIL CO-383369,500000,500000,1262-LEMONT-CITGO,137026,362974,,,07/01 00:01:00 CDT,,PRM,Monthly,11,2015-06-05 22:01:05,2606248,2015-06-05 00:00:00,6,5,2500000,500000,2500000,500000,409867,81973
2015-06-06,Unknown,100%,MANSFIELD OIL CO-383369,500000,500000,1262-LEMONT-CITGO,150725,349275,,,07/01 00:01:00 CDT,,PRM,Monthly,10,2015-06-06 22:01:11,2643460,2015-06-06 00:00:00,6,6,3000000,500000,3000000,500000,560592,93432
2015-06-07,Unknown,100%,MANSFIELD OIL CO-383369,500000,500000,1262-LEMONT-CITGO,168148,331852,,,07/01 00:01:00 CDT,,PRM,Monthly,10,2015-06-07 22:01:06,2679036,2015-06-07 00:00:00,6,7,3500000,500000,3500000,500000,728740,104105
2015-06-08,Unknown,100%,MANSFIELD OIL CO-383369,500000,500000,1262-LEMONT-CITGO,194243,305757,,,07/01 00:01:00 CDT,,PRM,Monthly,10,2015-06-08 22:01:04,2717483,2015-06-08 00:00:00,6,8,4000000,500000,4000000,500000,922983,115372
2015-06-09,Unknown,100%,MANSFIELD OIL CO-383369,500000,500000,1262-LEMONT-CITGO,205463,294537,,,07/01 00:01:00 CDT,,PRM,Monthly,10,2015-06-09 22:01:08,2756057,2015-06-09 00:00:00,6,9,4500000,500000,4500000,500000,1128446,125382
2015-06-10,Unknown,100%,MANSFIELD OIL CO-383369,500000,500000,1262-LEMONT-CITGO,222763,277237,,,07/01 00:01:00 CDT,,PRM,Monthly,10,2015-06-10 22:01:07,2794789,2015-06-10 00:00:00,6,10,5000000,500000,5000000,500000,1351209,135120
2015-06-11,Unknown,100%,MANSFIELD OIL CO-383369,500000,500000,1262-LEMONT-CITGO,233462,266538,,,07/01 00:01:00 CDT,,PRM,Monthly,10,2015-06-11 22:01:05,2834574,2015-06-11 00:00:00,6,11,5500000,500000,5500000,500000,1584671,144061
2015-06-12,Unknown,100%,MANSFIELD OIL CO-383369,500000,500000,1262-LEMONT-CITGO,250864,249136,,,07/01 00:01:00 CDT,,PRM,Monthly,10,2015-06-12 22:01:03,2872370,2015-06-12 00:00:00,6,12,6000000,500000,6000000,500000,1835535,152961
2015-06-13,Unknown,100%,MANSFIELD OIL CO-383369,500000,500000,1262-LEMONT-CITGO,273258,226742,,,07/01 00:01:00 CDT,,PRM,Monthly,8,2015-06-13 22:01:07,2899518,2015-06-13 00:00:00,6,13,6500000,500000,6500000,500000,2108793,162214
2015-06-14,Unknown,100%,MANSFIELD OIL CO-383369,500000,500000,1262-LEMONT-CITGO,290663,209337,,,07/01 00:01:00 CDT,,PRM,Monthly,10,2015-06-14 22:01:05,2930349,2015-06-14 00:00:00,6,14,7000000,500000,7000000,500000,2399456,171389
2015-06-15,Unknown,100%,MANSFIELD OIL CO-383369,500000,500000,1262-LEMONT-CITGO,308061,191939,,,07/01 00:01:00 CDT,,PRM,Monthly,10,2015-06-15 22:01:03,2968887,2015-06-15 00:00:00,6,15,7500000,500000,7500000,500000,2707517,180501
2015-06-16,Unknown,100%,MANSFIELD OIL CO-383369,500000,500000,1262-LEMONT-CITGO,335391,164609,,,07/01 00:01:00 CDT,,PRM,Monthly,10,2015-06-16 22:01:09,3004284,2015-06-16 00:00:00,6,16,8000000,500000,8000000,500000,3042908,190181
2015-06-17,Unknown,100%,MANSFIELD OIL CO-383369,500000,500000,1262-LEMONT-CITGO,355289,144711,,,07/01 00:01:00 CDT,,PRM,Monthly,9,2015-06-17 22:01:05,3042300,2015-06-17 00:00:00,6,17,8500000,500000,8500000,500000,3398197,199893
2015-06-18,Unknown,100%,MANSFIELD OIL CO-383369,500000,500000,1262-LEMONT-CITGO,363891,136109,,,07/01 00:01:00 CDT,,PRM,Monthly,10,2015-06-18 22:01:02,3080927,2015-06-18 00:00:00,6,18,9000000,500000,9000000,500000,3762088,209004
2015-06-19,Unknown,100%,MANSFIELD OIL CO-383369,500000,500000,1262-LEMONT-CITGO,392503,107497,,,07/01 00:01:00 CDT,,PRM,Monthly,10,2015-06-19 22:01:06,3117379,2015-06-19 00:00:00,6,19,9500000,500000,9500000,500000,4154591,218662
2015-06-20,Unknown,100%,MANSFIELD OIL CO-383369,500000,500000,1262-LEMONT-CITGO,405301,94699,,,07/01 00:01:00 CDT,,PRM,Monthly,10,2015-06-20 22:01:04,3152814,2015-06-20 00:00:00,6,20,10000000,500000,10000000,500000,4559892,227994
2015-06-21,Unknown,100%,MANSFIELD OIL CO-383369,500000,500000,1262-LEMONT-CITGO,422702,77298,,,07/01 00:01:00 CDT,,PRM,Monthly,10,2015-06-21 22:01:03,3183688,2015-06-21 00:00:00,6,21,10500000,500000,10500000,500000,4982594,237266
2015-06-22,Unknown,100%,MANSFIELD OIL CO-383369,500000,500000,1262-LEMONT-CITGO,448700,51300,,,07/01 00:01:00 CDT,,PRM,Monthly,10,2015-06-22 22:01:04,3219592,2015-06-22 00:00:00,6,22,11000000,500000,11000000,500000,5431294,246877
2015-06-23,Unknown,100%,MANSFIELD OIL CO-383369,500000,500000,1262-LEMONT-CITGO,480293,19707,,,07/01 00:01:00 CDT,,PRM,Monthly,9,2015-06-23 22:01:02,3257574,2015-06-23 00:00:00,6,23,11500000,500000,11500000,500000,5911587,257025
2015-06-24,Unknown,100%,MANSFIELD OIL CO-383369,500000,500000,1262-LEMONT-CITGO,497697,2303,,,07/01 00:01:00 CDT,,PRM,Monthly,9,2015-06-24 22:00:08,3293254,2015-06-24 00:00:00,6,24,12000000,500000,12000000,500000,6409284,267053
2015-06-25,Unknown,100%,MANSFIELD OIL CO-383369,600000,600000,1262-LEMONT-CITGO,515095,84905,,,07/01 00:01:00 CDT,,PRM,Monthly,10,2015-06-25 22:00:08,3332895,2015-06-25 00:00:00,6,25,12600000,504000,12600000,504000,6924379,276975
2015-06-26,Unknown,100%,MANSFIELD OIL CO-383369,600000,600000,1262-LEMONT-CITGO,541197,58803,,,07/01 00:01:00 CDT,,PRM,Monthly,10,2015-06-26 22:00:07,3371680,2015-06-26 00:00:00,6,26,13200000,507692,13200000,507692,7465576,287137
2015-06-27,Unknown,100%,MANSFIELD OIL CO-383369,600000,600000,1262-LEMONT-CITGO,549896,50104,,,07/01 00:01:00 CDT,,PRM,Monthly,10,2015-06-27 22:00:07,3410391,2015-06-27 00:00:00,6,27,13800000,511111,13800000,511111,8015472,296869
2015-06-28,Unknown,100%,MANSFIELD OIL CO-383369,600000,600000,1262-LEMONT-CITGO,567298,32702,,,07/01 00:01:00 CDT,,PRM,Monthly,10,2015-06-28 22:00:10,3444544,2015-06-28 00:00:00,6,28,14400000,514285,14400000,514285,8582770,306527
2015-06-29,Unknown,100%,MANSFIELD OIL CO-383369,600000,600000,1262-LEMONT-CITGO,584700,15300,,,07/01 00:01:00 CDT,,PRM,Monthly,10,2015-06-29 22:00:11,3483382,2015-06-29 00:00:00,6,29,15000000,517241,15000000,517241,9167470,316119
2015-06-30,Unknown,100%,MANSFIELD OIL CO-383369,789167,789167,1262-LEMONT-CITGO,8704,780463,,,07/01 00:01:00 CDT,,PRM,Monthly,10,2015-06-30 22:00:11,3513432,2015-06-30 00:00:00,6,30,15789167,526305,15789167,526305,9176174,305872
