,enallocationstatus,percentage_allocation,account_type,base_gallons,beginning_gallons,terminal_name,lifted_gallons,remaining_gallons,additional_gallons_allowed,additional_gallons_remaining,next_refresh_date,next_refresh_base_gallons,product_name,period,batchno,execution_date,rid,date,Month,Day,cum_base_gallons,avg_base_perday,cum_beginning_gallons,avg_beginning_perday,cum_lifted_gallons,avg_lifted_perday
2015-06-01,Unknown,125%,MANSFIELD OIL CO-383369,116667,145834,1262-LEMONT-CITGO,57889,87945,,,06/04 00:01:00 CDT,,PRM,Weekly,10,2015-06-01 22:01:09,2446697,2015-06-01 00:00:00,6,1,116667,116667,145834,145834,57889,57889
2015-06-02,Unknown,125%,MANSFIELD OIL CO-383369,116667,145834,1262-LEMONT-CITGO,94810,51024,,,06/04 00:01:00 CDT,,PRM,Weekly,10,2015-06-02 22:01:07,2485739,2015-06-02 00:00:00,6,2,233334,116667,291668,145834,152699,76349
2015-06-03,Unknown,125%,MANSFIELD OIL CO-383369,116667,145834,1262-LEMONT-CITGO,104508,41326,,,06/04 00:01:00 CDT,,PRM,Weekly,10,2015-06-03 22:01:09,2523700,2015-06-03 00:00:00,6,3,350001,116667,437502,145834,257207,85735
2015-06-04,Unknown,125%,MANSFIELD OIL CO-383369,116667,145834,1262-LEMONT-CITGO,35606,110228,,,06/11 00:01:00 CDT,,PRM,Weekly,10,2015-06-04 22:01:07,2562243,2015-06-04 00:00:00,6,4,466668,116667,583336,145834,292813,73203
2015-06-05,Unknown,125%,MANSFIELD OIL CO-383369,116667,145834,1262-LEMONT-CITGO,61613,84221,,,06/11 00:01:00 CDT,,PRM,Weekly,11,2015-06-05 22:01:05,2606247,2015-06-05 00:00:00,6,5,583335,116667,729170,145834,354426,70885
2015-06-06,Unknown,125%,MANSFIELD OIL CO-383369,116667,145834,1262-LEMONT-CITGO,75312,70522,,,06/11 00:01:00 CDT,,PRM,Weekly,10,2015-06-06 22:01:11,2643459,2015-06-06 00:00:00,6,6,700002,116667,875004,145834,429738,71623
2015-06-07,Unknown,125%,MANSFIELD OIL CO-383369,116667,145834,1262-LEMONT-CITGO,92735,53099,,,06/11 00:01:00 CDT,,PRM,Weekly,10,2015-06-07 22:01:06,2679035,2015-06-07 00:00:00,6,7,816669,116667,1020838,145834,522473,74639
2015-06-08,Unknown,125%,MANSFIELD OIL CO-383369,116667,145834,1262-LEMONT-CITGO,118830,27004,,,06/11 00:01:00 CDT,,PRM,Weekly,10,2015-06-08 22:01:04,2717482,2015-06-08 00:00:00,6,8,933336,116667,1166672,145834,641303,80162
2015-06-09,Unknown,125%,MANSFIELD OIL CO-383369,116667,145834,1262-LEMONT-CITGO,130050,15784,,,06/11 00:01:00 CDT,,PRM,Weekly,10,2015-06-09 22:01:08,2756056,2015-06-09 00:00:00,6,9,1050003,116667,1312506,145834,771353,85705
2015-06-10,Unknown,125%,MANSFIELD OIL CO-383369,116667,145834,1262-LEMONT-CITGO,147350,-1516,,,06/11 00:01:00 CDT,,PRM,Weekly,10,2015-06-10 22:01:07,2794788,2015-06-10 00:00:00,6,10,1166670,116667,1458340,145834,918703,91870
2015-06-11,Unknown,125%,MANSFIELD OIL CO-383369,116667,145834,1262-LEMONT-CITGO,10699,135135,,,06/18 00:01:00 CDT,,PRM,Weekly,10,2015-06-11 22:01:05,2834573,2015-06-11 00:00:00,6,11,1283337,116667,1604174,145834,929402,84491
2015-06-12,Unknown,125%,MANSFIELD OIL CO-383369,116667,145834,1262-LEMONT-CITGO,28101,117733,,,06/18 00:01:00 CDT,,PRM,Weekly,10,2015-06-12 22:01:03,2872369,2015-06-12 00:00:00,6,12,1400004,116667,1750008,145834,957503,79791
2015-06-13,Unknown,125%,MANSFIELD OIL CO-383369,116667,145834,1262-LEMONT-CITGO,50495,95339,,,06/18 00:01:00 CDT,,PRM,Weekly,8,2015-06-13 22:01:07,2899517,2015-06-13 00:00:00,6,13,1516671,116667,1895842,145834,1007998,77538
2015-06-14,Unknown,125%,MANSFIELD OIL CO-383369,116667,145834,1262-LEMONT-CITGO,67900,77934,,,06/18 00:01:00 CDT,,PRM,Weekly,10,2015-06-14 22:01:05,2930348,2015-06-14 00:00:00,6,14,1633338,116667,2041676,145834,1075898,76849
2015-06-15,Unknown,125%,MANSFIELD OIL CO-383369,116667,145834,1262-LEMONT-CITGO,85298,60536,,,06/18 00:01:00 CDT,,PRM,Weekly,10,2015-06-15 22:01:03,2968886,2015-06-15 00:00:00,6,15,1750005,116667,2187510,145834,1161196,77413
2015-06-16,Unknown,125%,MANSFIELD OIL CO-383369,116667,145834,1262-LEMONT-CITGO,112628,33206,,,06/18 00:01:00 CDT,,PRM,Weekly,10,2015-06-16 22:01:09,3004283,2015-06-16 00:00:00,6,16,1866672,116667,2333344,145834,1273824,79614
2015-06-17,Unknown,125%,MANSFIELD OIL CO-383369,116667,145834,1262-LEMONT-CITGO,132526,13308,,,06/18 00:01:00 CDT,,PRM,Weekly,9,2015-06-17 22:01:05,3042299,2015-06-17 00:00:00,6,17,1983339,116667,2479178,145834,1406350,82726
2015-06-18,Unknown,125%,MANSFIELD OIL CO-383369,116667,145834,1262-LEMONT-CITGO,8602,137232,,,06/25 00:01:00 CDT,,PRM,Weekly,10,2015-06-18 22:01:02,3080926,2015-06-18 00:00:00,6,18,2100006,116667,2625012,145834,1414952,78608
2015-06-19,Unknown,125%,MANSFIELD OIL CO-383369,116667,145834,1262-LEMONT-CITGO,37214,108620,,,06/25 00:01:00 CDT,,PRM,Weekly,10,2015-06-19 22:01:06,3117378,2015-06-19 00:00:00,6,19,2216673,116667,2770846,145834,1452166,76429
2015-06-20,Unknown,125%,MANSFIELD OIL CO-383369,116667,145834,1262-LEMONT-CITGO,50012,95822,,,06/25 00:01:00 CDT,,PRM,Weekly,10,2015-06-20 22:01:04,3152813,2015-06-20 00:00:00,6,20,2333340,116667,2916680,145834,1502178,75108
2015-06-21,Unknown,125%,MANSFIELD OIL CO-383369,116667,145834,1262-LEMONT-CITGO,67413,78421,,,06/25 00:01:00 CDT,,PRM,Weekly,10,2015-06-21 22:01:03,3183687,2015-06-21 00:00:00,6,21,2450007,116667,3062514,145834,1569591,74742
2015-06-22,Unknown,125%,MANSFIELD OIL CO-383369,116667,145834,1262-LEMONT-CITGO,93411,52423,,,06/25 00:01:00 CDT,,PRM,Weekly,10,2015-06-22 22:01:04,3219591,2015-06-22 00:00:00,6,22,2566674,116667,3208348,145834,1663002,75591
2015-06-23,Unknown,125%,MANSFIELD OIL CO-383369,116667,145834,1262-LEMONT-CITGO,125004,20830,,,06/25 00:01:00 CDT,,PRM,Weekly,9,2015-06-23 22:01:02,3257573,2015-06-23 00:00:00,6,23,2683341,116667,3354182,145834,1788006,77739
2015-06-24,Unknown,125%,MANSFIELD OIL CO-383369,116667,145834,1262-LEMONT-CITGO,142408,3426,,,06/25 00:01:00 CDT,,PRM,Weekly,9,2015-06-24 22:00:08,3293253,2015-06-24 00:00:00,6,24,2800008,116667,3500016,145834,1930414,80433
2015-06-25,Unknown,125%,MANSFIELD OIL CO-383369,140000,175000,1262-LEMONT-CITGO,17398,157602,,,07/02 00:01:00 CDT,,PRM,Weekly,10,2015-06-25 22:00:08,3332894,2015-06-25 00:00:00,6,25,2940008,117600,3675016,147000,1947812,77912
2015-06-26,Unknown,125%,MANSFIELD OIL CO-383369,140000,175000,1262-LEMONT-CITGO,43500,131500,,,07/02 00:01:00 CDT,,PRM,Weekly,10,2015-06-26 22:00:07,3371679,2015-06-26 00:00:00,6,26,3080008,118461,3850016,148077,1991312,76588
2015-06-27,Unknown,125%,MANSFIELD OIL CO-383369,140000,175000,1262-LEMONT-CITGO,52199,122801,,,07/02 00:01:00 CDT,,PRM,Weekly,10,2015-06-27 22:00:07,3410390,2015-06-27 00:00:00,6,27,3220008,119259,4025016,149074,2043511,75685
2015-06-28,Unknown,125%,MANSFIELD OIL CO-383369,140000,175000,1262-LEMONT-CITGO,69601,105399,,,07/02 00:01:00 CDT,,PRM,Weekly,10,2015-06-28 22:00:10,3444543,2015-06-28 00:00:00,6,28,3360008,120000,4200016,150000,2113112,75468
2015-06-29,Unknown,125%,MANSFIELD OIL CO-383369,140000,175000,1262-LEMONT-CITGO,87003,87997,,,07/02 00:01:00 CDT,,PRM,Weekly,10,2015-06-29 22:00:11,3483381,2015-06-29 00:00:00,6,29,3500008,120689,4375016,150862,2200115,75866
2015-06-30,Unknown,100%,MANSFIELD OIL CO-383369,184139,184139,1262-LEMONT-CITGO,8704,175435,,,07/02 00:01:00 CDT,,PRM,Weekly,10,2015-06-30 22:00:11,3513431,2015-06-30 00:00:00,6,30,3684147,122804,4559155,151971,2208819,73627
