,enallocationstatus,percentage_allocation,account_type,base_gallons,beginning_gallons,terminal_name,lifted_gallons,remaining_gallons,additional_gallons_allowed,additional_gallons_remaining,next_refresh_date,next_refresh_base_gallons,product_name,period,batchno,execution_date,rid,date,Month,Day,cum_base_gallons,avg_base_perday,cum_beginning_gallons,avg_beginning_perday,cum_lifted_gallons,avg_lifted_perday
2015-05-01,Available,150%,MANSFIELD OIL COMPANY OF 106305 IW,81533,122300,LOCKPORT IL (MOC) - 00MD,77615,44685,0,0,05/02 00:00:00 CDT,81533,ULSD,Daily,11,2015-05-01 22:08:21,1236345,2015-05-01 00:00:00,5,1,81533,81533,122300,122300,77615,77615
2015-05-02,Available,150%,MANSFIELD OIL COMPANY OF 106305 IW,81533,122300,LOCKPORT IL (MOC) - 00MD,70910,51390,0,0,05/03 00:00:00 CDT,81533,ULSD,Daily,10,2015-05-02 22:08:15,1274982,2015-05-02 00:00:00,5,2,163066,81533,244600,122300,148525,74262
2015-05-03,Available,150%,MANSFIELD OIL COMPANY OF 106305 IW,81533,122300,LOCKPORT IL (MOC) - 00MD,73320,48980,0,0,05/04 00:00:00 CDT,81533,ULSD,Daily,10,2015-05-03 22:08:28,1312032,2015-05-03 00:00:00,5,3,244599,81533,366900,122300,221845,73948
2015-05-04,Available,150%,MANSFIELD OIL COMPANY OF 106305 IW,81533,122300,LOCKPORT IL (MOC) - 00MD,119502,2798,0,0,05/05 00:00:00 CDT,81533,ULSD,Daily,10,2015-05-04 22:08:27,1350415,2015-05-04 00:00:00,5,4,326132,81533,489200,122300,341347,85336
2015-05-05,Available,150%,MANSFIELD OIL COMPANY OF 106305 IW,81533,122300,LOCKPORT IL (MOC) - 00MD,76823,45477,0,0,05/06 00:00:00 CDT,81533,ULSD,Daily,10,2015-05-05 22:08:31,1388584,2015-05-05 00:00:00,5,5,407665,81533,611500,122300,418170,83634
2015-05-06,Available,150%,MANSFIELD OIL COMPANY OF 106305 IW,81533,122300,LOCKPORT IL (MOC) - 00MD,85044,37256,0,0,05/07 00:00:00 CDT,81533,ULSD,Daily,10,2015-05-06 22:08:29,1431209,2015-05-06 00:00:00,5,6,489198,81533,733800,122300,503214,83869
2015-05-07,Available,150%,MANSFIELD OIL COMPANY OF 106305 IW,81533,122300,LOCKPORT IL (MOC) - 00MD,82098,40202,0,0,05/08 00:00:00 CDT,81533,ULSD,Daily,10,2015-05-07 22:08:24,1471357,2015-05-07 00:00:00,5,7,570731,81533,856100,122300,585312,83616
2015-05-08,Available,150%,MANSFIELD OIL COMPANY OF 106305 IW,81533,122300,LOCKPORT IL (MOC) - 00MD,41608,80692,0,0,05/09 00:00:00 CDT,81533,ULSD,Daily,10,2015-05-08 22:07:29,1511230,2015-05-08 00:00:00,5,8,652264,81533,978400,122300,626920,78365
2015-05-09,Available,150%,MANSFIELD OIL COMPANY OF 106305 IW,81533,122300,LOCKPORT IL (MOC) - 00MD,67629,54671,0,0,05/10 00:00:00 CDT,81533,ULSD,Daily,12,2015-05-09 22:07:29,1557810,2015-05-09 00:00:00,5,9,733797,81533,1100700,122300,694549,77172
2015-05-10,Out,150%,MANSFIELD OIL COMPANY OF 106305 IW,81533,122300,LOCKPORT IL (MOC) - 00MD,123719,-1420,0,0,05/11 00:00:00 CDT,81533,ULSD,Daily,11,2015-05-10 22:07:22,1593273,2015-05-10 00:00:00,5,10,815330,81533,1223000,122300,818268,81826
2015-05-11,Available,150%,MANSFIELD OIL COMPANY OF 106305 IW,81533,122300,LOCKPORT IL (MOC) - 00MD,62403,59897,0,0,05/12 00:00:00 CDT,81533,ULSD,Daily,10,2015-05-11 22:07:19,1633163,2015-05-11 00:00:00,5,11,896863,81533,1345300,122300,880671,80061
2015-05-12,Available,150%,MANSFIELD OIL COMPANY OF 106305 IW,81533,122300,LOCKPORT IL (MOC) - 00MD,69726,52574,0,0,05/13 00:00:00 CDT,81533,ULSD,Daily,10,2015-05-12 22:07:30,1672341,2015-05-12 00:00:00,5,12,978396,81533,1467600,122300,950397,79199
2015-05-13,Available,100%,MANSFIELD OIL COMPANY OF 106305 IW,81533,81533,LOCKPORT IL (MOC) - 00MD,34901,46632,0,0,05/14 00:00:00 CDT,81533,ULSD,Daily,11,2015-05-13 22:07:21,1714405,2015-05-13 00:00:00,5,13,1059929,81533,1549133,119164,985298,75792
2015-05-14,Available,50%,MANSFIELD OIL COMPANY OF 106305 IW,81533,40767,LOCKPORT IL (MOC) - 00MD,27602,13165,0,0,05/15 00:00:00 CDT,81533,ULSD,Daily,11,2015-05-14 22:05:40,1752334,2015-05-14 00:00:00,5,14,1141462,81533,1589900,113564,1012900,72350
2015-05-15,Out,50%,MANSFIELD OIL COMPANY OF 106305 IW,81533,40767,LOCKPORT IL (MOC) - 00MD,41803,-1037,0,0,05/16 00:00:00 CDT,81533,ULSD,Daily,11,2015-05-15 22:07:04,1789195,2015-05-15 00:00:00,5,15,1222995,81533,1630667,108711,1054703,70313
2015-05-16,Out,50%,MANSFIELD OIL COMPANY OF 106305 IW,81533,40767,LOCKPORT IL (MOC) - 00MD,42206,-1440,0,0,05/17 00:00:00 CDT,81533,ULSD,Daily,10,2015-05-16 22:07:26,1828962,2015-05-16 00:00:00,5,16,1304528,81533,1671434,104464,1096909,68556
2015-05-17,Out,50%,MANSFIELD OIL COMPANY OF 106305 IW,81533,40767,LOCKPORT IL (MOC) - 00MD,42600,-1834,0,0,05/18 00:00:00 CDT,81533,ULSD,Daily,10,2015-05-17 22:07:07,1859250,2015-05-17 00:00:00,5,17,1386061,81533,1712201,100717,1139509,67029
2015-05-18,Available,50%,MANSFIELD OIL COMPANY OF 106305 IW,81533,40767,LOCKPORT IL (MOC) - 00MD,35615,5152,0,0,05/19 00:00:00 CDT,81533,ULSD,Daily,11,2015-05-18 22:08:33,1900631,2015-05-18 00:00:00,5,18,1467594,81533,1752968,97387,1175124,65284
2015-05-19,Out,50%,MANSFIELD OIL COMPANY OF 106305 IW,81533,40767,LOCKPORT IL (MOC) - 00MD,42600,-1834,0,0,05/20 00:00:00 CDT,81533,ULSD,Daily,10,2015-05-19 22:07:35,1940593,2015-05-19 00:00:00,5,19,1549127,81533,1793735,94407,1217724,64090
2015-05-20,Out,50%,MANSFIELD OIL COMPANY OF 106305 IW,81533,40767,LOCKPORT IL (MOC) - 00MD,41900,-1134,0,0,05/21 00:00:00 CDT,81533,ULSD,Daily,10,2015-05-20 22:07:36,1982532,2015-05-20 00:00:00,5,20,1630660,81533,1834502,91725,1259624,62981
2015-05-21,Available,50%,MANSFIELD OIL COMPANY OF 106305 IW,81533,40767,LOCKPORT IL (MOC) - 00MD,28100,12667,0,0,05/22 00:00:00 CDT,81533,ULSD,Daily,10,2015-05-21 22:07:33,2025551,2015-05-21 00:00:00,5,21,1712193,81533,1875269,89298,1287724,61320
2015-05-22,Available,50%,MANSFIELD OIL COMPANY OF 106305 IW,81533,40767,LOCKPORT IL (MOC) - 00MD,47900,-134,7000,34000,05/23 00:00:00 CDT,81533,ULSD,Daily,10,2015-05-22 22:07:26,2065452,2015-05-22 00:00:00,5,22,1793726,81533,1916036,87092,1335624,60710
2015-05-23,Available,50%,MANSFIELD OIL COMPANY OF 106305 IW,81533,40767,LOCKPORT IL (MOC) - 00MD,34600,6167,0,34000,05/24 00:00:00 CDT,81533,ULSD,Daily,10,2015-05-23 22:07:17,2104256,2015-05-23 00:00:00,5,23,1875259,81533,1956803,85078,1370224,59574
2015-05-24,Available,50%,MANSFIELD OIL COMPANY OF 106305 IW,81533,40767,LOCKPORT IL (MOC) - 00MD,34500,6267,0,34000,05/25 00:00:00 CDT,81533,ULSD,Daily,10,2015-05-24 22:07:52,2139996,2015-05-24 00:00:00,5,24,1956792,81533,1997570,83232,1404724,58530
2015-05-25,Available,50%,MANSFIELD OIL COMPANY OF 106305 IW,81533,40767,LOCKPORT IL (MOC) - 00MD,55500,0,14734,34000,05/26 00:00:00 CDT,81533,ULSD,Daily,10,2015-05-25 22:07:34,2179024,2015-05-25 00:00:00,5,25,2038325,81533,2038337,81533,1460224,58408
2015-05-26,Available,65%,MANSFIELD OIL COMPANY OF 106305 IW,81533,52996,LOCKPORT IL (MOC) - 00MD,49089,3907,0,0,05/27 00:00:00 CDT,81533,ULSD,Daily,10,2015-05-26 22:07:45,2218477,2015-05-26 00:00:00,5,26,2119858,81533,2091333,80435,1509313,58050
2015-05-27,Available,65%,MANSFIELD OIL COMPANY OF 106305 IW,81533,52996,LOCKPORT IL (MOC) - 00MD,28200,24796,0,0,05/28 00:00:00 CDT,81533,ULSD,Daily,10,2015-05-27 22:08:18,2257344,2015-05-27 00:00:00,5,27,2201391,81533,2144329,79419,1537513,56944
2015-05-28,Out,65%,MANSFIELD OIL COMPANY OF 106305 IW,81533,52996,LOCKPORT IL (MOC) - 00MD,56615,-3619,0,0,05/29 00:00:00 CDT,81533,ULSD,Daily,11,2015-05-28 22:09:06,2294874,2015-05-28 00:00:00,5,28,2282924,81533,2197325,78475,1594128,56933
2015-05-29,Available,100%,MANSFIELD OIL COMPANY OF 106305 IW,81533,81533,LOCKPORT IL (MOC) - 00MD,61201,20332,0,0,05/30 00:00:00 CDT,81533,ULSD,Daily,10,2015-05-29 22:09:05,2334175,2015-05-29 00:00:00,5,29,2364457,81533,2278858,78581,1655329,57080
2015-05-30,Available,100%,MANSFIELD OIL COMPANY OF 106305 IW,81533,81533,LOCKPORT IL (MOC) - 00MD,56605,24928,0,0,05/31 00:00:00 CDT,84251,ULSD,Daily,10,2015-05-30 22:09:12,2372401,2015-05-30 00:00:00,5,30,2445990,81533,2360391,78679,1711934,57064
2015-05-31,Out,100%,MANSFIELD OIL COMPANY OF 106305 IW,84251,84251,LOCKPORT IL (MOC) - 00MD,84302,-51,0,0,06/01 00:00:00 CDT,84251,ULSD,Daily,10,2015-05-31 22:09:20,2408490,2015-05-31 00:00:00,5,31,2530241,81620,2444642,78859,1796236,57943
