,enallocationstatus,percentage_allocation,account_type,base_gallons,beginning_gallons,terminal_name,lifted_gallons,remaining_gallons,additional_gallons_allowed,additional_gallons_remaining,next_refresh_date,next_refresh_base_gallons,product_name,period,batchno,execution_date,rid,date,Month,Day,cum_base_gallons,avg_base_perday,cum_beginning_gallons,avg_beginning_perday,cum_lifted_gallons,avg_lifted_perday
2015-05-01,Available,100%,MANSFIELD OIL CO OF GAINESVILL-10003000UB,94839,94839,ALBUQUERQUE NM PSX - 030A,33145,61694,,,05/06 00:00:00 MDT,,DISTILLATES,Weekly,11,2015-05-01 22:01:06,1234367,2015-05-01 00:00:00,5,1,94839,94839,94839,94839,33145,33145
2015-05-02,Available,100%,MANSFIELD OIL CO OF GAINESVILL-10003000UB,94839,94839,ALBUQUERQUE NM PSX - 030A,40248,54591,,,05/06 00:00:00 MDT,,DISTILLATES,Weekly,10,2015-05-02 22:01:05,1273097,2015-05-02 00:00:00,5,2,189678,94839,189678,94839,73393,36696
2015-05-03,Available,100%,MANSFIELD OIL CO OF GAINESVILL-10003000UB,94839,94839,ALBUQUERQUE NM PSX - 030A,40248,54591,,,05/06 00:00:00 MDT,,DISTILLATES,Weekly,10,2015-05-03 22:01:08,1310059,2015-05-03 00:00:00,5,3,284517,94839,284517,94839,113641,37880
2015-05-04,Limited,100%,MANSFIELD OIL CO OF GAINESVILL-10003000UB,94839,94839,ALBUQUERQUE NM PSX - 030A,93343,1496,,,05/06 00:00:00 MDT,,DISTILLATES,Weekly,10,2015-05-04 22:01:07,1348560,2015-05-04 00:00:00,5,4,379356,94839,379356,94839,206984,51746
2015-05-05,Out,100%,MANSFIELD OIL CO OF GAINESVILL-10003000UB,94839,94839,ALBUQUERQUE NM PSX - 030A,100843,-6004,,,05/06 00:00:00 MDT,,DISTILLATES,Weekly,10,2015-05-05 22:01:06,1386639,2015-05-05 00:00:00,5,5,474195,94839,474195,94839,307827,61565
2015-05-06,Available,100%,MANSFIELD OIL CO OF GAINESVILL-10003000UB,94839,94839,ALBUQUERQUE NM PSX - 030A,22116,72723,,,05/13 00:00:00 MDT,,DISTILLATES,Weekly,10,2015-05-06 22:01:04,1429329,2015-05-06 00:00:00,5,6,569034,94839,569034,94839,329943,54990
2015-05-07,Available,100%,MANSFIELD OIL CO OF GAINESVILL-10003000UB,94839,94839,ALBUQUERQUE NM PSX - 030A,52415,42424,,,05/13 00:00:00 MDT,,DISTILLATES,Weekly,10,2015-05-07 22:01:12,1469479,2015-05-07 00:00:00,5,7,663873,94839,663873,94839,382358,54622
2015-05-08,Available,100%,MANSFIELD OIL CO OF GAINESVILL-10003000UB,94839,94839,ALBUQUERQUE NM PSX - 030A,61409,33430,,,05/13 00:00:00 MDT,,DISTILLATES,Weekly,10,2015-05-08 22:00:09,1509249,2015-05-08 00:00:00,5,8,758712,94839,758712,94839,443767,55470
2015-05-09,Available,100%,MANSFIELD OIL CO OF GAINESVILL-10003000UB,94839,94839,ALBUQUERQUE NM PSX - 030A,68514,26325,,,05/13 00:00:00 MDT,,DISTILLATES,Weekly,11,2015-05-09 22:00:09,1555832,2015-05-09 00:00:00,5,9,853551,94839,853551,94839,512281,56920
2015-05-10,Available,100%,MANSFIELD OIL CO OF GAINESVILL-10003000UB,94839,94839,ALBUQUERQUE NM PSX - 030A,68514,26325,,,05/13 00:00:00 MDT,,DISTILLATES,Weekly,10,2015-05-10 22:00:07,1591306,2015-05-10 00:00:00,5,10,948390,94839,948390,94839,580795,58079
2015-05-11,Limited,100%,MANSFIELD OIL CO OF GAINESVILL-10003000UB,94839,94839,ALBUQUERQUE NM PSX - 030A,76010,18829,,,05/13 00:00:00 MDT,,DISTILLATES,Weekly,10,2015-05-11 22:00:09,1631190,2015-05-11 00:00:00,5,11,1043229,94839,1043229,94839,656805,59709
2015-05-12,Out,100%,MANSFIELD OIL CO OF GAINESVILL-10003000UB,94839,94839,ALBUQUERQUE NM PSX - 030A,96675,-1836,,,05/13 00:00:00 MDT,,DISTILLATES,Weekly,10,2015-05-12 22:00:10,1670457,2015-05-12 00:00:00,5,12,1138068,94839,1138068,94839,753480,62790
2015-05-13,Available,100%,MANSFIELD OIL CO OF GAINESVILL-10003000UB,94839,94839,ALBUQUERQUE NM PSX - 030A,0,94839,,,05/20 00:00:00 MDT,,DISTILLATES,Weekly,10,2015-05-13 22:00:06,1712437,2015-05-13 00:00:00,5,13,1232907,94839,1232907,94839,753480,57960
2015-05-14,Available,100%,MANSFIELD OIL CO OF GAINESVILL-10003000UB,94839,94839,ALBUQUERQUE NM PSX - 030A,27104,67735,,,05/20 00:00:00 MDT,,DISTILLATES,Weekly,10,2015-05-14 22:00:10,1751320,2015-05-14 00:00:00,5,14,1327746,94839,1327746,94839,780584,55756
2015-05-15,Available,100%,MANSFIELD OIL CO OF GAINESVILL-10003000UB,94839,94839,ALBUQUERQUE NM PSX - 030A,27104,67735,,,05/20 00:00:00 MDT,,DISTILLATES,Weekly,10,2015-05-15 22:00:09,1787566,2015-05-15 00:00:00,5,15,1422585,94839,1422585,94839,807688,53845
2015-05-16,Available,100%,MANSFIELD OIL CO OF GAINESVILL-10003000UB,94839,94839,ALBUQUERQUE NM PSX - 030A,34212,60627,,,05/20 00:00:00 MDT,,DISTILLATES,Weekly,10,2015-05-16 22:00:11,1826875,2015-05-16 00:00:00,5,16,1517424,94839,1517424,94839,841900,52618
2015-05-17,0,0,0,0,0,0,0,0,0,0,0,0,0,0,0,1970-01-01 00:00:00,0,2015-05-17 00:00:00,5,17,1517424,89260,1517424,89260,841900,49523
2015-05-18,Available,100%,MANSFIELD OIL CO OF GAINESVILL-10003000UB,94839,94839,ALBUQUERQUE NM PSX - 030A,46807,48032,,,05/20 00:00:00 MDT,,DISTILLATES,Weekly,8,2015-05-18 22:02:01,1898746,2015-05-18 00:00:00,5,18,1612263,89570,1612263,89570,888707,49372
2015-05-19,Available,125%,MANSFIELD OIL CO OF GAINESVILL-10003000UB,94839,118549,ALBUQUERQUE NM PSX - 030A,54306,64243,,,05/20 00:00:00 MDT,,DISTILLATES,Weekly,10,2015-05-19 22:00:10,1938591,2015-05-19 00:00:00,5,19,1707102,89847,1730812,91095,943013,49632
2015-05-20,Available,125%,MANSFIELD OIL CO OF GAINESVILL-10003000UB,94839,118549,ALBUQUERQUE NM PSX - 030A,8605,109944,,,05/27 00:00:00 MDT,,DISTILLATES,Weekly,11,2015-05-20 22:00:11,1980569,2015-05-20 00:00:00,5,20,1801941,90097,1849361,92468,951618,47580
2015-05-21,Available,125%,MANSFIELD OIL CO OF GAINESVILL-10003000UB,94839,118549,ALBUQUERQUE NM PSX - 030A,39844,78705,,,05/27 00:00:00 MDT,,DISTILLATES,Weekly,10,2015-05-21 22:00:08,2023648,2015-05-21 00:00:00,5,21,1896780,90322,1967910,93710,991462,47212
2015-05-22,Available,125%,MANSFIELD OIL CO OF GAINESVILL-10003000UB,94839,118549,ALBUQUERQUE NM PSX - 030A,60024,58525,,,05/27 00:00:00 MDT,,DISTILLATES,Weekly,10,2015-05-22 22:00:06,2063464,2015-05-22 00:00:00,5,22,1991619,90528,2086459,94839,1051486,47794
2015-05-23,Available,125%,MANSFIELD OIL CO OF GAINESVILL-10003000UB,94839,118549,ALBUQUERQUE NM PSX - 030A,60024,58525,,,05/27 00:00:00 MDT,,DISTILLATES,Weekly,10,2015-05-23 22:00:07,2102238,2015-05-23 00:00:00,5,23,2086458,90715,2205008,95869,1111510,48326
2015-05-24,Available,125%,MANSFIELD OIL CO OF GAINESVILL-10003000UB,94839,118549,ALBUQUERQUE NM PSX - 030A,60024,58525,,,05/27 00:00:00 MDT,,DISTILLATES,Weekly,10,2015-05-24 22:00:07,2138094,2015-05-24 00:00:00,5,24,2181297,90887,2323557,96814,1171534,48813
2015-05-25,Available,125%,MANSFIELD OIL CO OF GAINESVILL-10003000UB,94839,118549,ALBUQUERQUE NM PSX - 030A,67631,50918,,,05/27 00:00:00 MDT,,DISTILLATES,Weekly,10,2015-05-25 22:00:09,2177081,2015-05-25 00:00:00,5,25,2276136,91045,2442106,97684,1239165,49566
2015-05-26,Available,125%,MANSFIELD OIL CO OF GAINESVILL-10003000UB,94839,118549,ALBUQUERQUE NM PSX - 030A,67631,50918,,,05/27 00:00:00 MDT,,DISTILLATES,Weekly,10,2015-05-26 22:00:10,2216608,2015-05-26 00:00:00,5,26,2370975,91191,2560655,98486,1306796,50261
2015-05-27,Available,125%,MANSFIELD OIL CO OF GAINESVILL-10003000UB,94839,118549,ALBUQUERQUE NM PSX - 030A,7199,111350,,,06/03 00:00:00 MDT,,DISTILLATES,Weekly,10,2015-05-27 22:00:08,2255515,2015-05-27 00:00:00,5,27,2465814,91326,2679204,99229,1313995,48666
2015-05-28,Available,125%,MANSFIELD OIL CO OF GAINESVILL-10003000UB,94839,118549,ALBUQUERQUE NM PSX - 030A,14708,103841,,,06/03 00:00:00 MDT,,DISTILLATES,Weekly,10,2015-05-28 22:01:06,2292978,2015-05-28 00:00:00,5,28,2560653,91451,2797753,99919,1328703,47453
2015-05-29,Available,150%,MANSFIELD OIL CO OF GAINESVILL-10003000UB,94839,142259,ALBUQUERQUE NM PSX - 030A,20216,122043,,,06/03 00:00:00 MDT,,DISTILLATES,Weekly,10,2015-05-29 22:01:09,2332217,2015-05-29 00:00:00,5,29,2655492,91568,2940012,101379,1348919,46514
2015-05-30,Available,150%,MANSFIELD OIL CO OF GAINESVILL-10003000UB,94839,142259,ALBUQUERQUE NM PSX - 030A,20216,122043,,,06/03 00:00:00 MDT,,DISTILLATES,Weekly,9,2015-05-30 22:01:07,2370459,2015-05-30 00:00:00,5,30,2750331,91677,3082271,102742,1369135,45637
2015-05-31,Available,150%,MANSFIELD OIL CO OF GAINESVILL-10003000UB,94839,142259,ALBUQUERQUE NM PSX - 030A,20216,122043,,,06/03 00:00:00 MDT,,DISTILLATES,Weekly,10,2015-05-31 22:01:05,2406732,2015-05-31 00:00:00,5,31,2845170,91779,3224530,104017,1389351,44817
