,enallocationstatus,percentage_allocation,account_type,base_gallons,beginning_gallons,terminal_name,lifted_gallons,remaining_gallons,additional_gallons_allowed,additional_gallons_remaining,next_refresh_date,next_refresh_base_gallons,product_name,period,batchno,execution_date,rid,date,Month,Day,cum_base_gallons,avg_base_perday,cum_beginning_gallons,avg_beginning_perday,cum_lifted_gallons,avg_lifted_perday
2015-05-01,Available,110%,MANSFIELD OIL CO OF GAINESVILL-10003000UB,1560000,1716000,HARTFORD IL PSX CLLC - 0394,52700,1663300,,,06/01 00:00:00 CDT,,B11,Monthly,11,2015-05-01 22:01:06,1234523,2015-05-01 00:00:00,5,1,1560000,1560000,1716000,1716000,52700,52700
2015-05-02,Available,110%,MANSFIELD OIL CO OF GAINESVILL-10003000UB,1560000,1716000,HARTFORD IL PSX CLLC - 0394,82802,1633198,,,06/01 00:00:00 CDT,,B11,Monthly,10,2015-05-02 22:01:05,1273253,2015-05-02 00:00:00,5,2,3120000,1560000,3432000,1716000,135502,67751
2015-05-03,Available,110%,MANSFIELD OIL CO OF GAINESVILL-10003000UB,1560000,1716000,HARTFORD IL PSX CLLC - 0394,120398,1595602,,,06/01 00:00:00 CDT,,B11,Monthly,10,2015-05-03 22:01:08,1310215,2015-05-03 00:00:00,5,3,4680000,1560000,5148000,1716000,255900,85300
2015-05-04,Available,110%,MANSFIELD OIL CO OF GAINESVILL-10003000UB,1560000,1716000,HARTFORD IL PSX CLLC - 0394,157715,1558285,,,06/01 00:00:00 CDT,,B11,Monthly,10,2015-05-04 22:01:07,1348716,2015-05-04 00:00:00,5,4,6240000,1560000,6864000,1716000,413615,103403
2015-05-05,Available,110%,MANSFIELD OIL CO OF GAINESVILL-10003000UB,1560000,1716000,HARTFORD IL PSX CLLC - 0394,224790,1491210,,,06/01 00:00:00 CDT,,B11,Monthly,10,2015-05-05 22:01:06,1386795,2015-05-05 00:00:00,5,5,7800000,1560000,8580000,1716000,638405,127681
2015-05-06,Available,110%,MANSFIELD OIL CO OF GAINESVILL-10003000UB,1560000,1716000,HARTFORD IL PSX CLLC - 0394,292311,1423689,,,06/01 00:00:00 CDT,,B11,Monthly,10,2015-05-06 22:01:04,1429485,2015-05-06 00:00:00,5,6,9360000,1560000,10296000,1716000,930716,155119
2015-05-07,Available,110%,MANSFIELD OIL CO OF GAINESVILL-10003000UB,1560000,1716000,HARTFORD IL PSX CLLC - 0394,344635,1371365,,,06/01 00:00:00 CDT,,B11,Monthly,10,2015-05-07 22:01:12,1469635,2015-05-07 00:00:00,5,7,10920000,1560000,12012000,1716000,1275351,182193
2015-05-08,Available,110%,MANSFIELD OIL CO OF GAINESVILL-10003000UB,1560000,1716000,HARTFORD IL PSX CLLC - 0394,419853,1296147,,,06/01 00:00:00 CDT,,B11,Monthly,10,2015-05-08 22:00:09,1509409,2015-05-08 00:00:00,5,8,12480000,1560000,13728000,1716000,1695204,211900
2015-05-09,Available,110%,MANSFIELD OIL CO OF GAINESVILL-10003000UB,1560000,1716000,HARTFORD IL PSX CLLC - 0394,457451,1258549,,,06/01 00:00:00 CDT,,B11,Monthly,11,2015-05-09 22:00:09,1555992,2015-05-09 00:00:00,5,9,14040000,1560000,15444000,1716000,2152655,239183
2015-05-10,Available,110%,MANSFIELD OIL CO OF GAINESVILL-10003000UB,1560000,1716000,HARTFORD IL PSX CLLC - 0394,495150,1220850,,,06/01 00:00:00 CDT,,B11,Monthly,10,2015-05-10 22:00:07,1591466,2015-05-10 00:00:00,5,10,15600000,1560000,17160000,1716000,2647805,264780
2015-05-11,Available,110%,MANSFIELD OIL CO OF GAINESVILL-10003000UB,1560000,1716000,HARTFORD IL PSX CLLC - 0394,525452,1190548,,,06/01 00:00:00 CDT,,B11,Monthly,10,2015-05-11 22:00:09,1631350,2015-05-11 00:00:00,5,11,17160000,1560000,18876000,1716000,3173257,288477
2015-05-12,Available,110%,MANSFIELD OIL CO OF GAINESVILL-10003000UB,1560000,1716000,HARTFORD IL PSX CLLC - 0394,585378,1130622,,,06/01 00:00:00 CDT,,B11,Monthly,10,2015-05-12 22:00:10,1670617,2015-05-12 00:00:00,5,12,18720000,1560000,20592000,1716000,3758635,313219
2015-05-13,Available,110%,MANSFIELD OIL CO OF GAINESVILL-10003000UB,1560000,1716000,HARTFORD IL PSX CLLC - 0394,645678,1070322,,,06/01 00:00:00 CDT,,B11,Monthly,10,2015-05-13 22:00:06,1712597,2015-05-13 00:00:00,5,13,20280000,1560000,22308000,1716000,4404313,338793
2015-05-14,Available,110%,MANSFIELD OIL CO OF GAINESVILL-10003000UB,1560000,1716000,HARTFORD IL PSX CLLC - 0394,690578,1025422,,,06/01 00:00:00 CDT,,B11,Monthly,10,2015-05-14 22:00:10,1751481,2015-05-14 00:00:00,5,14,21840000,1560000,24024000,1716000,5094891,363920
2015-05-15,Available,110%,MANSFIELD OIL CO OF GAINESVILL-10003000UB,1560000,1716000,HARTFORD IL PSX CLLC - 0394,758079,957921,,,06/01 00:00:00 CDT,,B11,Monthly,10,2015-05-15 22:00:09,1787727,2015-05-15 00:00:00,5,15,23400000,1560000,25740000,1716000,5852970,390198
2015-05-16,Available,110%,MANSFIELD OIL CO OF GAINESVILL-10003000UB,1560000,1716000,HARTFORD IL PSX CLLC - 0394,773279,942721,,,06/01 00:00:00 CDT,,B11,Monthly,10,2015-05-16 22:00:11,1827036,2015-05-16 00:00:00,5,16,24960000,1560000,27456000,1716000,6626249,414140
2015-05-17,0,0,0,0,0,0,0,0,0,0,0,0,0,0,0,1970-01-01 00:00:00,0,2015-05-17 00:00:00,5,17,24960000,1468235,27456000,1615058,6626249,389779
2015-05-18,Available,110%,MANSFIELD OIL CO OF GAINESVILL-10003000UB,1560000,1716000,HARTFORD IL PSX CLLC - 0394,870574,845426,,,06/01 00:00:00 CDT,,B11,Monthly,8,2015-05-18 22:02:01,1898905,2015-05-18 00:00:00,5,18,26520000,1473333,29172000,1620666,7496823,416490
2015-05-19,Available,110%,MANSFIELD OIL CO OF GAINESVILL-10003000UB,1560000,1716000,HARTFORD IL PSX CLLC - 0394,907873,808127,,,06/01 00:00:00 CDT,,B11,Monthly,10,2015-05-19 22:00:10,1938752,2015-05-19 00:00:00,5,19,28080000,1477894,30888000,1625684,8404696,442352
2015-05-20,Available,110%,MANSFIELD OIL CO OF GAINESVILL-10003000UB,1560000,1716000,HARTFORD IL PSX CLLC - 0394,982989,733011,,,06/01 00:00:00 CDT,,B11,Monthly,11,2015-05-20 22:00:11,1980730,2015-05-20 00:00:00,5,20,29640000,1482000,32604000,1630200,9387685,469384
2015-05-21,Available,110%,MANSFIELD OIL CO OF GAINESVILL-10003000UB,1560000,1716000,HARTFORD IL PSX CLLC - 0394,1050287,665713,,,06/01 00:00:00 CDT,,B11,Monthly,10,2015-05-21 22:00:08,2023812,2015-05-21 00:00:00,5,21,31200000,1485714,34320000,1634285,10437972,497046
2015-05-22,Available,110%,MANSFIELD OIL CO OF GAINESVILL-10003000UB,1560000,1716000,HARTFORD IL PSX CLLC - 0394,1080489,635511,,,06/01 00:00:00 CDT,,B11,Monthly,10,2015-05-22 22:00:06,2063628,2015-05-22 00:00:00,5,22,32760000,1489090,36036000,1638000,11518461,523566
2015-05-23,Available,110%,MANSFIELD OIL CO OF GAINESVILL-10003000UB,1560000,1716000,HARTFORD IL PSX CLLC - 0394,1125786,590214,,,06/01 00:00:00 CDT,,B11,Monthly,10,2015-05-23 22:00:07,2102402,2015-05-23 00:00:00,5,23,34320000,1492173,37752000,1641391,12644247,549749
2015-05-24,Available,110%,MANSFIELD OIL CO OF GAINESVILL-10003000UB,1560000,1716000,HARTFORD IL PSX CLLC - 0394,1156185,559815,,,06/01 00:00:00 CDT,,B11,Monthly,10,2015-05-24 22:00:07,2138258,2015-05-24 00:00:00,5,24,35880000,1495000,39468000,1644500,13800432,575018
2015-05-25,Available,110%,MANSFIELD OIL CO OF GAINESVILL-10003000UB,1560000,1716000,HARTFORD IL PSX CLLC - 0394,1208885,507115,,,06/01 00:00:00 CDT,,B11,Monthly,10,2015-05-25 22:00:09,2177245,2015-05-25 00:00:00,5,25,37440000,1497600,41184000,1647360,15009317,600372
2015-05-26,Available,110%,MANSFIELD OIL CO OF GAINESVILL-10003000UB,1560000,1716000,HARTFORD IL PSX CLLC - 0394,1238884,477116,,,06/01 00:00:00 CDT,,B11,Monthly,10,2015-05-26 22:00:10,2216779,2015-05-26 00:00:00,5,26,39000000,1500000,42900000,1650000,16248201,624930
2015-05-27,Available,110%,MANSFIELD OIL CO OF GAINESVILL-10003000UB,1560000,1716000,HARTFORD IL PSX CLLC - 0394,1267889,448111,,,06/01 00:00:00 CDT,,B11,Monthly,10,2015-05-27 22:00:08,2255686,2015-05-27 00:00:00,5,27,40560000,1502222,44616000,1652444,17516090,648744
2015-05-28,Available,110%,MANSFIELD OIL CO OF GAINESVILL-10003000UB,1560000,1716000,HARTFORD IL PSX CLLC - 0394,1341852,374148,,,06/01 00:00:00 CDT,,B11,Monthly,10,2015-05-28 22:01:06,2293153,2015-05-28 00:00:00,5,28,42120000,1504285,46332000,1654714,18857942,673497
2015-05-29,Available,110%,MANSFIELD OIL CO OF GAINESVILL-10003000UB,1560000,1716000,HARTFORD IL PSX CLLC - 0394,1371750,344250,,,06/01 00:00:00 CDT,,B11,Monthly,10,2015-05-29 22:01:09,2332392,2015-05-29 00:00:00,5,29,43680000,1506206,48048000,1656827,20229692,697575
2015-05-30,Limited,110%,MANSFIELD OIL CO OF GAINESVILL-10003000UB,1560000,1716000,HARTFORD IL PSX CLLC - 0394,1409197,306803,,,06/01 00:00:00 CDT,,B11,Monthly,9,2015-05-30 22:01:07,2370634,2015-05-30 00:00:00,5,30,45240000,1508000,49764000,1658800,21638889,721296
2015-05-31,Limited,110%,MANSFIELD OIL CO OF GAINESVILL-10003000UB,1560000,1716000,HARTFORD IL PSX CLLC - 0394,1447197,268803,,,06/01 00:00:00 CDT,,B11,Monthly,10,2015-05-31 22:01:05,2406907,2015-05-31 00:00:00,5,31,46800000,1509677,51480000,1660645,23086086,744712
