,enallocationstatus,percentage_allocation,account_type,base_gallons,beginning_gallons,terminal_name,lifted_gallons,remaining_gallons,additional_gallons_allowed,additional_gallons_remaining,next_refresh_date,next_refresh_base_gallons,product_name,period,batchno,execution_date,rid,date,Month,Day,cum_base_gallons,avg_base_perday,cum_beginning_gallons,avg_beginning_perday,cum_lifted_gallons,avg_lifted_perday
2015-05-01,Limited,110%,MANSFIELD OIL CO OF GAINESVILL-10003000UB,50323,55355,HARTFORD IL PSX CLLC - 0394,52700,2655,,,05/02 00:00:00 CDT,,B11,Daily,11,2015-05-01 22:01:06,1234521,2015-05-01 00:00:00,5,1,50323,50323,55355,55355,52700,52700
2015-05-02,Available,110%,MANSFIELD OIL CO OF GAINESVILL-10003000UB,50323,55355,HARTFORD IL PSX CLLC - 0394,22502,32853,,,05/03 00:00:00 CDT,,B11,Daily,10,2015-05-02 22:01:05,1273251,2015-05-02 00:00:00,5,2,100646,50323,110710,55355,75202,37601
2015-05-03,Available,110%,MANSFIELD OIL CO OF GAINESVILL-10003000UB,50323,55355,HARTFORD IL PSX CLLC - 0394,37596,17759,,,05/04 00:00:00 CDT,,B11,Daily,10,2015-05-03 22:01:08,1310213,2015-05-03 00:00:00,5,3,150969,50323,166065,55355,112798,37599
2015-05-04,Available,125%,MANSFIELD OIL CO OF GAINESVILL-10003000UB,50323,62904,HARTFORD IL PSX CLLC - 0394,29717,33187,,,05/05 00:00:00 CDT,,B11,Daily,10,2015-05-04 22:01:07,1348714,2015-05-04 00:00:00,5,4,201292,50323,228969,57242,142515,35628
2015-05-05,Out,125%,MANSFIELD OIL CO OF GAINESVILL-10003000UB,50323,62904,HARTFORD IL PSX CLLC - 0394,67075,-4171,,,05/06 00:00:00 CDT,,B11,Daily,10,2015-05-05 22:01:06,1386793,2015-05-05 00:00:00,5,5,251615,50323,291873,58374,209590,41918
2015-05-06,Out,125%,MANSFIELD OIL CO OF GAINESVILL-10003000UB,50323,62904,HARTFORD IL PSX CLLC - 0394,67521,-4617,,,05/07 00:00:00 CDT,,B11,Daily,10,2015-05-06 22:01:04,1429483,2015-05-06 00:00:00,5,6,301938,50323,354777,59129,277111,46185
2015-05-07,Limited,125%,MANSFIELD OIL CO OF GAINESVILL-10003000UB,50323,62904,HARTFORD IL PSX CLLC - 0394,52324,10580,,,05/08 00:00:00 CDT,,B11,Daily,10,2015-05-07 22:01:12,1469633,2015-05-07 00:00:00,5,7,352261,50323,417681,59668,329435,47062
2015-05-08,Limited,125%,MANSFIELD OIL CO OF GAINESVILL-10003000UB,50323,62904,HARTFORD IL PSX CLLC - 0394,60018,2886,,,05/09 00:00:00 CDT,,B11,Daily,10,2015-05-08 22:00:09,1509407,2015-05-08 00:00:00,5,8,402584,50323,480585,60073,389453,48681
2015-05-09,Available,125%,MANSFIELD OIL CO OF GAINESVILL-10003000UB,50323,62904,HARTFORD IL PSX CLLC - 0394,29998,32906,,,05/10 00:00:00 CDT,,B11,Daily,11,2015-05-09 22:00:09,1555990,2015-05-09 00:00:00,5,9,452907,50323,543489,60387,419451,46605
2015-05-10,Available,125%,MANSFIELD OIL CO OF GAINESVILL-10003000UB,50323,62904,HARTFORD IL PSX CLLC - 0394,30099,32805,,,05/11 00:00:00 CDT,,B11,Daily,10,2015-05-10 22:00:07,1591464,2015-05-10 00:00:00,5,10,503230,50323,606393,60639,449550,44955
2015-05-11,Available,125%,MANSFIELD OIL CO OF GAINESVILL-10003000UB,50323,62904,HARTFORD IL PSX CLLC - 0394,30302,32602,,,05/12 00:00:00 CDT,,B11,Daily,10,2015-05-11 22:00:09,1631348,2015-05-11 00:00:00,5,11,553553,50323,669297,60845,479852,43622
2015-05-12,Available,125%,MANSFIELD OIL CO OF GAINESVILL-10003000UB,50323,62904,HARTFORD IL PSX CLLC - 0394,44726,18178,,,05/13 00:00:00 CDT,,B11,Daily,10,2015-05-12 22:00:10,1670615,2015-05-12 00:00:00,5,12,603876,50323,732201,61016,524578,43714
2015-05-13,Limited,125%,MANSFIELD OIL CO OF GAINESVILL-10003000UB,50323,62904,HARTFORD IL PSX CLLC - 0394,52700,10204,,,05/14 00:00:00 CDT,,B11,Daily,10,2015-05-13 22:00:06,1712595,2015-05-13 00:00:00,5,13,654199,50323,795105,61161,577278,44406
2015-05-14,Available,125%,MANSFIELD OIL CO OF GAINESVILL-10003000UB,50323,62904,HARTFORD IL PSX CLLC - 0394,44900,18004,,,05/15 00:00:00 CDT,,B11,Daily,10,2015-05-14 22:00:10,1751479,2015-05-14 00:00:00,5,14,704522,50323,858009,61286,622178,44441
2015-05-15,Out,125%,MANSFIELD OIL CO OF GAINESVILL-10003000UB,50323,62904,HARTFORD IL PSX CLLC - 0394,67501,-4597,,,05/16 00:00:00 CDT,,B11,Daily,10,2015-05-15 22:00:09,1787725,2015-05-15 00:00:00,5,15,754845,50323,920913,61394,689679,45978
2015-05-16,Available,125%,MANSFIELD OIL CO OF GAINESVILL-10003000UB,50323,62904,HARTFORD IL PSX CLLC - 0394,15200,47704,,,05/17 00:00:00 CDT,,B11,Daily,10,2015-05-16 22:00:11,1827034,2015-05-16 00:00:00,5,16,805168,50323,983817,61488,704879,44054
2015-05-17,0,0,0,0,0,0,0,0,0,0,0,0,0,0,0,1970-01-01 00:00:00,0,2015-05-17 00:00:00,5,17,805168,47362,983817,57871,704879,41463
2015-05-18,Available,125%,MANSFIELD OIL CO OF GAINESVILL-10003000UB,50323,62904,HARTFORD IL PSX CLLC - 0394,36897,26007,,,05/19 00:00:00 CDT,,B11,Daily,8,2015-05-18 22:02:01,1898903,2015-05-18 00:00:00,5,18,855491,47527,1046721,58151,741776,41209
2015-05-19,Available,125%,MANSFIELD OIL CO OF GAINESVILL-10003000UB,50323,62904,HARTFORD IL PSX CLLC - 0394,37299,25605,,,05/20 00:00:00 CDT,,B11,Daily,10,2015-05-19 22:00:10,1938750,2015-05-19 00:00:00,5,19,905814,47674,1109625,58401,779075,41003
2015-05-20,Out,125%,MANSFIELD OIL CO OF GAINESVILL-10003000UB,50323,62904,HARTFORD IL PSX CLLC - 0394,67516,-4612,,,05/21 00:00:00 CDT,,B11,Daily,11,2015-05-20 22:00:11,1980728,2015-05-20 00:00:00,5,20,956137,47806,1172529,58626,846591,42329
2015-05-21,Out,125%,MANSFIELD OIL CO OF GAINESVILL-10003000UB,50323,62904,HARTFORD IL PSX CLLC - 0394,67298,-4394,,,05/22 00:00:00 CDT,,B11,Daily,10,2015-05-21 22:00:08,2023810,2015-05-21 00:00:00,5,21,1006460,47926,1235433,58830,913889,43518
2015-05-22,Available,125%,MANSFIELD OIL CO OF GAINESVILL-10003000UB,50323,62904,HARTFORD IL PSX CLLC - 0394,30202,32702,,,05/23 00:00:00 CDT,,B11,Daily,10,2015-05-22 22:00:06,2063626,2015-05-22 00:00:00,5,22,1056783,48035,1298337,59015,944091,42913
2015-05-23,Available,125%,MANSFIELD OIL CO OF GAINESVILL-10003000UB,50323,62904,HARTFORD IL PSX CLLC - 0394,45297,17607,,,05/24 00:00:00 CDT,,B11,Daily,10,2015-05-23 22:00:07,2102400,2015-05-23 00:00:00,5,23,1107106,48135,1361241,59184,989388,43016
2015-05-24,Available,125%,MANSFIELD OIL CO OF GAINESVILL-10003000UB,50323,62904,HARTFORD IL PSX CLLC - 0394,30399,32505,,,05/25 00:00:00 CDT,,B11,Daily,10,2015-05-24 22:00:07,2138256,2015-05-24 00:00:00,5,24,1157429,48226,1424145,59339,1019787,42491
2015-05-25,Limited,125%,MANSFIELD OIL CO OF GAINESVILL-10003000UB,50323,62904,HARTFORD IL PSX CLLC - 0394,52700,10204,,,05/26 00:00:00 CDT,,B11,Daily,10,2015-05-25 22:00:09,2177243,2015-05-25 00:00:00,5,25,1207752,48310,1487049,59481,1072487,42899
2015-05-26,Available,125%,MANSFIELD OIL CO OF GAINESVILL-10003000UB,50323,62904,HARTFORD IL PSX CLLC - 0394,29999,32905,,,05/27 00:00:00 CDT,,B11,Daily,10,2015-05-26 22:00:10,2216777,2015-05-26 00:00:00,5,26,1258075,48387,1549953,59613,1102486,42403
2015-05-27,Available,125%,MANSFIELD OIL CO OF GAINESVILL-10003000UB,50323,62904,HARTFORD IL PSX CLLC - 0394,29005,33899,,,05/28 00:00:00 CDT,,B11,Daily,10,2015-05-27 22:00:08,2255684,2015-05-27 00:00:00,5,27,1308398,48459,1612857,59735,1131491,41907
2015-05-28,Out,125%,MANSFIELD OIL CO OF GAINESVILL-10003000UB,50323,62904,HARTFORD IL PSX CLLC - 0394,66363,-3459,,,05/29 00:00:00 CDT,,B11,Daily,10,2015-05-28 22:01:06,2293151,2015-05-28 00:00:00,5,28,1358721,48525,1675761,59848,1197854,42780
2015-05-29,Available,125%,MANSFIELD OIL CO OF GAINESVILL-10003000UB,50323,62904,HARTFORD IL PSX CLLC - 0394,29898,33006,,,05/30 00:00:00 CDT,,B11,Daily,10,2015-05-29 22:01:09,2332390,2015-05-29 00:00:00,5,29,1409044,48587,1738665,59953,1227752,42336
2015-05-30,Available,125%,MANSFIELD OIL CO OF GAINESVILL-10003000UB,50323,62904,HARTFORD IL PSX CLLC - 0394,30099,32805,,,05/31 00:00:00 CDT,,B11,Daily,9,2015-05-30 22:01:07,2370632,2015-05-30 00:00:00,5,30,1459367,48645,1801569,60052,1257851,41928
2015-05-31,Available,125%,MANSFIELD OIL CO OF GAINESVILL-10003000UB,50323,62904,HARTFORD IL PSX CLLC - 0394,30400,32504,,,06/01 00:00:00 CDT,,B11,Daily,10,2015-05-31 22:01:05,2406905,2015-05-31 00:00:00,5,31,1509690,48699,1864473,60144,1288251,41556
